0.081528 230.259723 -134.201815
0.148953 220.323828 -131.356967
0.190727 220.419385 -131.435968
0.328193 222.237903 -132.953489
0.460361 222.590324 -133.282816
0.505733 228.218827 -133.328232
0.564494 228.012790 -128.616009
0.673168 228.808194 -131.407146
0.745354 227.935315 -132.818216
0.804114 223.363161 -132.409050
0.814358 230.668838 -132.083923
0.924481 229.853034 -133.020179
0.926821 226.120087 -133.542452
1.006903 225.572714 -130.418897
1.048370 222.352552 -131.391982
1.223572 227.145979 -134.051230
1.240778 230.619963 -134.248371
1.403560 234.864698 -131.213188
1.478290 229.067758 -132.695877
1.509681 224.899825 -130.041877
1.607304 220.759554 -132.359186
1.633401 228.643034 -133.429588
1.711588 222.500237 -130.884820
1.734679 225.914287 -133.787253
1.748428 231.310842 -131.485498
1.783223 222.965727 -131.894669
1.881712 227.737736 -135.310229
1.997859 228.314891 -131.737294
2.207256 233.152126 -130.668548
2.295607 232.148959 -133.460196
2.604793 232.611279 -134.466075
2.608273 238.940141 -133.231787
2.683313 232.810885 -130.354557
2.853301 225.245543 -132.891457
3.379368 237.255023 -130.720724
3.423098 239.571799 -132.610768
3.566109 237.491091 -132.112571
4.088088 237.600869 -127.576019
4.181715 300.800839 -130.296289
4.697051 234.636009 -131.636282
4.875912 235.570143 -130.749392
5.245928 238.595440 -132.949687
5.919774 239.295379 -125.660021
6.044016 239.164673 -125.048523
6.646744 237.715230 -134.748765
6.877637 248.271238 -131.092745
6.907658 238.512543 -128.851466
7.867037 241.684072 -132.672157
8.085082 244.063984 -129.290022
8.109616 247.739230 -135.749316
8.180215 273.922498 -175.446990
8.305387 241.919248 -132.665270
8.770824 290.287910 -172.535048
8.830011 242.644746 -133.173071
8.842444 288.381840 -124.708681
8.962847 241.644657 -128.662658
9.028911 255.810625 -131.797150
9.041992 248.561554 -131.109084
9.064451 245.311310 -133.422054
9.223926 246.291350 -135.534177
9.291720 252.552362 -136.392564
9.371093 247.035470 -133.764524
9.427247 246.845129 -126.011241
9.452397 253.450194 -133.343739
9.497226 248.195481 -128.890663
9.544902 239.587892 -135.878631
9.581758 240.835983 -132.871645
9.616461 249.213353 -132.025834
9.674078 244.238496 -131.444295
9.736853 243.626394 -134.834719
9.768244 244.661952 -133.879396
9.933944 254.436774 -134.540045
9.996967 253.984230 -130.194797
10.030145 243.202651 -127.618659
10.040276 242.444336 -124.546662
10.070379 241.694569 -131.180818
10.094239 251.578025 -134.815814
10.343733 245.240730 -138.274493
10.457730 250.247757 -130.064877
10.561546 246.895266 -137.132476
10.687291 259.607102 -135.646755
10.704367 249.187404 -134.468567
10.716819 252.205613 -131.560079
10.856266 246.030540 -125.725677
10.945308 259.192952 -128.066351
11.058888 273.587732 -142.861831
11.128353 265.872003 -142.899566
11.203944 261.498559 -135.684176
11.221409 265.086411 -139.214612
11.227707 257.121273 -132.994127
11.233240 255.835338 -132.022128
11.350417 258.000176 -138.633263
11.379287 260.052311 -133.186607
11.391229 260.561506 -132.157082
11.442456 260.593050 -134.248097
11.590702 251.446012 -134.337542
11.607961 254.879164 -127.855375
11.626823 251.225621 -132.832207
11.732495 261.777037 -130.760611
11.736933 262.902760 -145.193213
11.763850 254.691674 -134.782119
11.941695 264.990189 -141.414534
11.944212 268.869530 -139.095104
11.975756 266.327971 -137.495500
12.085328 277.397548 -131.729312
12.112194 275.509841 -140.916885
12.152224 262.220736 -136.957561
12.200665 255.185610 -131.117769
12.244942 256.761463 -135.719168
12.336037 264.336780 -136.995823
12.336669 261.899259 -136.855499
12.347179 257.420847 -141.573044
12.409000 255.858125 -134.594586
12.536390 266.189900 -133.523830
12.601643 256.643967 -134.602381
12.628200 261.019254 -132.559288
12.816435 262.719606 -141.907074
12.819455 266.539328 -145.235446
12.858550 252.692079 -138.918784
12.861782 266.152383 -139.723717
12.960821 271.336221 -135.051483
12.977121 271.080340 -132.573377
12.979921 258.336439 -130.145333
12.989182 259.283763 -140.721025
13.102172 261.064161 -143.662027
14.405176 271.903493 -140.838297
15.037703 309.482977 -164.760227
15.254471 264.286767 -137.667402
15.622611 264.844105 -141.348163
15.645615 266.265946 -134.460642
15.834589 274.714315 -138.197002
15.870165 270.066310 -134.948315
16.025028 272.485337 -138.325044
16.061293 278.700379 -135.698935
16.242892 277.988265 -144.119328
16.315151 276.632218 -139.832704
16.517311 276.528565 -139.477901
16.568969 276.501557 -143.295589
16.574038 273.631356 -140.028541
16.713087 273.634128 -133.823753
16.728895 268.687575 -138.610155
16.828237 270.976683 -134.408185
16.998826 274.831592 -131.892949
17.379172 265.015943 -133.535632
17.533144 282.709828 -142.978033
17.534837 299.367212 -182.992394
17.674445 267.696342 -148.188950
18.102892 269.356070 -145.054001
18.177357 286.015071 -137.542796
18.287267 282.594194 -142.458454
18.289888 282.106469 -138.024267
18.503043 267.769216 -146.089633
18.527245 277.826314 -138.293004
18.547264 285.756273 -140.976762
18.591565 278.510904 -146.594565
18.750299 270.363587 -139.733439
18.766817 285.819397 -147.911723
18.908415 268.998339 -161.590371
18.942009 275.969871 -150.507538
19.064903 268.965720 -145.136153
19.078343 289.443301 -158.371025
19.119582 277.346179 -138.019190
19.119627 270.385970 -150.069630
19.201093 274.157002 -140.087343
19.216751 301.929609 -138.797301
19.332311 267.895733 -136.987778
19.387747 278.802080 -143.477210
19.553321 276.503651 -158.546142
20.161689 278.394558 -143.725601
21.018746 255.677842 -161.968753
21.027173 268.373314 -161.346506
21.257160 259.066295 -170.735499
21.285398 224.226946 -159.287663
21.439898 260.873809 -158.622076
21.978368 272.145721 -159.156792
22.219482 276.957057 -158.183378
22.317846 265.472152 -127.767558
22.635594 255.249956 -150.431268
22.795395 264.391887 -169.884689
22.844033 242.386695 -157.020499
22.960422 267.853773 -165.352084
22.995750 262.327145 -169.564324
23.613974 262.700408 -168.733850
23.729185 245.182536 -186.354098
23.789458 259.465008 -164.111407
23.852155 258.850019 -162.536577
24.341763 260.179885 -162.482729
24.664234 272.519945 -143.896443
25.009611 247.260971 -127.283407
25.784162 299.876808 -146.080915
26.013809 276.273154 -169.160382
26.040223 260.939486 -168.804923
26.146979 274.656616 -158.438308
26.220251 300.201152 -173.570874
26.311924 271.530133 -171.487080
26.690830 278.440352 -164.853057
26.840978 276.259739 -158.409221
26.881986 234.122363 -184.672209
26.927526 264.981374 -162.521540
27.055128 262.096368 -163.659501
27.081556 255.365547 -157.751333
27.093681 274.135993 -167.474041
27.146961 261.987779 -167.783363
27.158835 274.687622 -165.215634
27.171999 256.111402 -165.688246
27.572071 289.520020 -163.995090
27.700880 277.241139 -166.143428
27.874125 277.608725 -160.337869
27.944627 282.014327 -165.633150
28.007276 253.296520 -165.881613
28.188654 261.049214 -158.755055
28.252246 303.017171 -134.092316
28.365545 287.546674 -175.284911
28.547164 291.094506 -144.334514
28.663647 266.194045 -162.358270
28.677283 275.717188 -155.254368
28.755759 280.459696 -164.767966
28.930276 286.657890 -165.775855
29.290501 277.359542 -166.028899
29.295135 277.218450 -165.976677
29.392813 280.233364 -172.919330
29.481207 280.665457 -164.975224
29.516527 277.436723 -170.542583
29.751228 266.430794 -170.618081
29.819945 272.084981 -163.253043
29.829662 279.454691 -172.693784
30.010296 277.544418 -167.508616
30.093608 291.524514 -166.413717
30.095311 291.462748 -158.618494
30.202676 262.254964 -173.434990
30.218903 266.220578 -167.410764
30.242964 284.675095 -175.503373
30.258440 273.704574 -161.283397
30.391177 272.033717 -180.630605
30.640343 265.840035 -157.075683
30.734270 272.422127 -170.800075
30.981828 268.174047 -169.368426
31.100843 267.532570 -167.973367
31.314570 271.442385 -170.481868
31.558872 275.025666 -170.477273
31.591114 284.422006 -168.337073
31.669456 312.893184 -183.455809
31.730698 271.210771 -165.289708
31.778582 280.449704 -176.986903
32.030952 265.521304 -169.479687
32.195104 286.688841 -169.007253
32.399964 292.650289 -174.344928
32.622294 284.783494 -172.225924
32.697323 294.189595 -173.802351
33.135344 285.923471 -178.342157
33.388088 313.791837 -156.018094
33.726002 293.166947 -175.327241
34.052564 268.713980 -171.543351
34.403769 290.529075 -175.260881
35.377923 280.007001 -159.481298
35.427421 280.979769 -164.714535
35.762853 282.895113 -174.531500
35.872630 291.319680 -165.970100
36.106808 296.450637 -174.290275
36.149330 289.115737 -148.890155
36.570733 283.870824 -169.731154
36.773769 269.852488 -173.078783
36.843758 281.782903 -170.759229
36.865887 300.338617 -174.215156
37.367050 300.780919 -168.714424
37.457362 292.718026 -172.286566
38.113041 289.056704 -171.425538
38.440393 250.931703 -170.842893
38.511151 297.618172 -161.821785
38.947414 297.464272 -178.666146
38.968391 295.250562 -177.027393
39.128273 288.740974 -158.824590
39.198184 284.478655 -169.116983
39.219397 283.361770 -165.975704
39.423335 296.159909 -178.899719
39.449823 280.957998 -178.553597
39.564702 273.694245 -173.295630
39.631619 274.111117 -170.354495
39.811038 285.282501 -173.330392
39.877990 280.367688 -176.124918
40.361486 298.562331 -169.410798
40.403167 295.681795 -184.986006
40.650799 272.812874 -167.910324
40.743576 297.230779 -174.775421
41.250478 285.845746 -175.843126
41.293166 290.419389 -177.022087
41.457678 301.831777 -179.891745
41.480857 281.350390 -166.334336
41.620661 279.737376 -181.013558
41.804610 277.804643 -184.401952
41.976825 274.932601 -173.943344
42.136879 297.943534 -174.772509
42.172523 311.862563 -169.883475
42.356593 297.462281 -174.213946
42.544597 291.178077 -174.851268
42.620353 277.378816 -172.170678
42.915544 278.000689 -172.808558
43.305670 292.808438 -167.232683
43.584693 308.930942 -176.276405
43.725029 291.540128 -181.659672
43.869872 305.074531 -178.872687
43.888158 291.790350 -167.216999
44.167356 282.520054 -172.011385
44.613774 233.518934 -140.309699
44.843343 295.304234 -189.930855
44.910107 279.315532 -172.517283
45.233974 280.258593 -176.567392
45.434899 303.047547 -175.314215
46.200366 269.609955 -180.465224
46.407891 292.528558 -173.068666
46.609964 305.249927 -173.432642
46.746808 294.366427 -174.799963
47.345660 284.142091 -188.161080
47.573682 294.762320 -182.629280
47.844080 292.968088 -181.982015
48.288560 292.303984 -186.232510
48.849912 313.338985 -165.117503
48.889787 283.175558 -162.033243
49.384291 292.025815 -170.794054
49.408598 273.179169 -168.742768
49.724059 291.691840 -175.779684
49.874049 303.307178 -184.776429
50.135223 296.151695 -183.490810
50.208117 289.931767 -171.802114
50.267531 308.158347 -182.802872
50.433549 300.481084 -184.145685
50.443512 306.125334 -184.797581
50.694296 281.902147 -177.615201
50.728792 292.164384 -178.146709
50.857747 313.587619 -182.466022
50.985202 288.566748 -170.953926
51.042191 308.386714 -162.295215
51.275963 316.536182 -167.090169
51.302649 292.729655 -179.880411
51.407952 296.596044 -185.295837
51.658726 308.691765 -187.330158
51.750160 289.249245 -173.080815
51.773788 294.800560 -189.799951
52.077683 311.449350 -188.418124
52.234199 294.012671 -167.711664
52.389691 295.384748 -181.327461
