0.050227 227.201332 -140.633681
0.099399 220.323828 -131.356967
0.154832 230.701488 -132.036555
0.211311 230.259723 -134.201815
0.249002 222.976933 -132.428655
0.340517 225.755003 -130.374995
0.411898 228.231964 -133.583767
0.421502 233.997299 -145.191850
0.446326 222.293395 -133.266976
0.490634 226.139302 -133.709160
0.500952 227.969232 -128.473073
0.550625 228.196283 -132.838719
0.674941 228.840400 -131.331800
0.785780 222.234982 -132.936990
0.930821 230.048493 -132.983917
1.005361 226.772061 -152.623750
1.079532 228.090395 -143.611426
1.210520 222.109228 -131.253022
1.270441 222.715455 -131.705182
1.329304 231.763230 -131.473936
1.340088 230.381071 -134.412629
1.463060 222.336752 -130.725652
1.586976 233.205239 -130.524562
1.598940 228.057504 -131.801122
1.602351 228.974944 -133.571900
1.665545 227.720906 -135.494919
1.689268 229.274457 -132.841803
1.696988 225.606448 -133.909007
1.749194 235.158921 -131.127472
1.804465 225.140491 -129.923272
1.907047 220.327166 -132.295359
1.923669 226.975711 -134.032209
2.395623 233.241975 -130.214746
2.431481 239.240045 -133.390579
2.475146 226.594361 -147.507791
2.646355 232.262397 -134.522680
2.778464 237.127820 -130.620550
2.854244 224.620160 -133.010978
2.975410 232.142988 -133.404276
3.139310 226.836584 -145.036422
3.242981 237.670034 -132.358669
3.539586 236.714354 -146.790896
3.815469 239.671892 -132.624037
3.873326 234.091159 -127.436708
4.073141 235.263031 -151.783332
4.125435 304.285350 -130.222930
4.132700 227.322371 -145.134175
4.157225 243.710540 -146.817072
4.338966 229.150367 -143.378207
4.537234 234.595122 -131.690110
4.756803 235.412859 -130.613559
4.814533 235.504930 -149.110447
4.824218 233.086496 -145.346316
4.864046 226.312888 -145.993647
4.985847 238.558535 -133.330218
5.105921 228.450749 -150.987544
5.314926 239.271646 -124.528214
5.822738 239.296628 -125.719589
5.995163 226.522549 -145.044370
6.484825 226.227506 -155.096536
6.497928 227.270635 -150.786672
6.548638 241.564911 -132.861924
6.683281 237.132173 -134.934394
6.717673 248.793309 -131.221816
6.884203 238.351892 -128.640390
6.942099 239.868388 -148.827989
7.281306 236.833056 -148.048925
7.666057 243.948137 -129.066584
7.859314 228.927979 -156.333644
8.057490 225.757474 -158.014806
8.259179 256.183059 -131.839471
8.354627 230.761784 -151.536808
8.419876 246.265074 -133.535344
8.463432 231.993387 -151.734277
8.626865 228.394604 -150.618016
8.701015 292.929066 -174.582732
8.813017 240.105945 -133.629055
8.822313 290.881965 -124.509377
8.899466 275.748181 -177.814775
8.900359 233.662807 -157.608847
8.980607 240.879478 -128.495458
8.991333 239.234521 -130.459088
9.017614 248.650710 -128.514663
9.112813 245.277872 -133.313588
9.215403 232.434348 -157.246492
9.278728 254.549769 -130.320933
9.372820 245.946621 -135.482908
9.396008 253.702799 -133.597901
9.409924 244.272156 -131.263076
9.415062 243.598951 -134.887444
9.417951 252.841198 -136.508299
9.458042 246.484199 -125.611943
9.467045 249.473416 -132.065979
9.480937 226.527527 -163.817945
9.507170 244.147800 -133.832938
9.592944 254.430827 -134.762103
9.614864 248.734379 -130.993057
9.721422 247.064484 -134.193608
9.799827 239.546129 -136.034662
9.840880 243.238994 -127.798220
9.975301 240.381381 -132.914048
10.096807 227.085832 -151.845384
10.246096 273.981125 -142.839296
10.258909 242.512140 -124.206995
10.265688 252.564921 -131.871482
10.295784 251.926027 -134.609996
10.314664 260.164863 -135.701571
10.346725 245.378746 -125.643406
10.514202 258.414627 -127.288828
10.601723 227.154746 -157.244903
10.739416 244.965981 -138.726365
10.836896 241.156071 -131.000334
10.857415 249.009640 -134.605256
10.879148 250.460962 -129.688934
10.936071 229.046857 -158.078854
10.995084 246.196867 -137.207787
11.006990 257.893503 -138.916776
11.056794 255.100453 -127.585511
11.093700 266.113274 -143.289999
11.139076 255.727013 -131.659252
11.181763 230.715042 -159.907980
11.286907 265.742016 -137.824965
11.342431 260.026960 -133.246520
11.362117 264.777350 -141.533091
11.388877 260.533975 -132.048261
11.414290 237.151398 -158.069475
11.510905 263.362861 -145.759866
11.527611 251.253673 -134.692912
11.529415 269.034136 -139.161954
11.543918 261.693573 -129.971177
11.603003 250.674676 -132.982788
11.710999 257.194656 -133.064383
11.768840 277.461124 -131.235674
11.778479 265.501767 -139.538308
11.795987 261.084596 -134.224686
11.888239 261.287864 -135.481327
11.911881 254.160849 -134.426805
12.050335 234.290615 -159.231001
12.163788 266.704225 -133.460070
12.291444 265.880705 -139.963194
12.302042 262.594250 -137.277476
12.314867 251.997941 -138.863815
12.413430 260.604361 -143.880891
12.486675 271.314259 -135.173666
12.497459 262.478287 -141.714247
12.584000 259.214258 -140.554716
12.640895 255.123977 -130.879186
12.649105 271.753503 -132.730003
12.652567 258.290238 -129.597471
12.676725 276.189609 -141.108433
12.679385 255.287278 -134.654297
12.705666 256.417730 -134.735272
12.745541 260.942463 -132.077448
12.816285 262.129055 -136.588042
12.851710 267.304664 -145.570795
12.909132 257.533140 -141.937189
12.933994 264.452976 -137.017285
12.944892 256.356646 -135.650846
13.511263 228.877707 -161.804992
13.548658 225.048243 -164.042129
13.733491 269.800354 -139.503608
14.062395 311.863129 -166.197395
15.028881 229.671885 -162.471407
15.081892 226.489550 -168.122422
15.085705 265.808115 -134.254476
15.125581 272.156454 -138.487206
15.162452 264.793368 -141.721514
15.327691 264.260104 -137.454027
15.895437 269.956303 -134.762057
15.947820 274.964737 -138.377789
16.033096 276.521997 -139.268863
16.044667 270.744163 -134.544061
16.046068 276.653365 -143.449622
16.189335 275.394547 -131.826549
16.250319 276.638019 -139.862380
16.269888 273.900170 -133.560574
16.290444 278.059331 -144.343378
16.363734 268.579334 -138.824160
16.552424 264.135452 -133.154560
16.641352 273.617207 -140.368960
16.815527 278.734118 -135.243964
17.638608 268.469761 -145.463656
17.787289 301.036243 -184.816605
17.887612 281.745280 -140.776003
17.987176 267.655635 -148.332387
18.149266 269.502448 -139.342462
18.234718 282.578745 -142.715329
18.295788 267.262849 -146.506541
18.342008 267.855474 -144.381371
18.521990 286.195930 -137.270558
18.529034 286.725211 -147.161987
18.566304 286.112654 -140.660999
18.653162 224.734415 -165.556094
18.675846 268.608939 -162.156708
18.685093 282.887712 -137.577832
18.871305 277.390190 -138.168373
18.920635 276.396944 -150.829968
18.997651 278.985033 -146.976255
19.080781 232.413491 -166.117478
19.132807 278.931700 -142.640385
19.148817 267.314893 -136.690273
19.213378 279.626417 -142.762255
19.395502 270.269474 -150.591747
19.586636 303.751436 -138.908197
19.626192 277.718637 -137.357476
19.768369 272.599400 -140.149403
19.872301 276.339295 -159.376873
19.967506 290.060389 -159.477001
20.333786 254.989234 -162.029175
20.469943 224.660576 -169.817953
21.253036 260.999858 -171.336100
21.297299 271.862249 -159.120621
21.300540 260.295470 -158.595837
21.407169 222.328602 -159.324075
21.445600 268.761391 -160.820738
21.891729 277.531697 -159.844053
22.088412 268.148345 -165.125348
22.176624 265.621417 -170.584203
22.672346 263.662059 -167.745091
22.739485 254.704090 -149.370587
22.810957 262.256886 -169.660073
22.939882 241.030819 -156.593928
22.959328 266.038892 -126.630557
23.159958 258.818305 -162.490482
23.730536 259.452593 -163.412372
23.954711 259.499045 -164.196719
23.980962 244.429035 -187.520276
24.098491 273.998434 -144.819521
24.908259 244.428662 -126.357962
25.162190 277.114240 -169.148154
25.463757 301.074838 -144.866850
26.080814 260.292526 -169.392709
26.399416 278.433879 -165.268197
26.448797 301.729277 -173.663320
26.488913 273.231739 -157.636991
26.493371 278.563339 -156.965384
26.531299 265.111736 -162.443867
26.772915 232.491343 -185.842122
26.897099 271.166778 -171.814389
26.972902 262.504494 -163.997325
27.188016 290.166430 -163.865170
27.216471 261.262944 -167.920082
27.267805 254.319032 -165.784198
27.314366 274.813521 -167.450566
27.764660 283.541026 -165.604256
27.832446 253.007032 -166.182127
27.888867 254.341970 -157.240847
27.938381 275.759653 -165.185709
27.940629 277.238225 -166.463572
27.963651 277.296498 -160.060691
28.061151 265.704989 -162.758368
28.420944 287.289615 -176.964915
28.620809 280.107762 -164.715685
28.646835 292.430796 -143.364837
28.728299 258.796807 -160.171855
28.776035 277.375236 -166.052080
28.909801 287.146451 -165.761317
28.923119 303.844937 -131.835864
28.962664 275.486106 -154.756404
29.098735 280.804137 -164.683563
29.119153 271.689783 -162.741892
29.212851 266.154005 -171.032617
29.217630 277.061351 -165.588460
29.331668 278.030550 -170.516792
29.445921 279.593741 -172.964907
29.979631 276.812734 -167.542439
29.990054 280.203323 -173.352791
30.105631 272.378547 -181.908552
30.223506 272.643388 -170.871195
30.232913 262.098958 -173.776703
30.241649 265.481964 -156.349603
30.330859 268.218177 -169.448777
30.385180 265.219091 -166.942440
30.519814 273.774365 -160.197862
30.557233 291.446425 -166.865982
30.680187 293.008211 -157.820693
30.791015 267.335582 -167.841764
30.864912 285.248817 -176.308926
31.042737 315.114924 -184.445410
31.115530 270.680121 -164.653381
31.517298 264.424960 -169.519656
31.709733 274.616144 -170.634537
31.884291 271.275345 -170.473833
31.907154 282.806589 -167.489266
31.918546 281.293111 -177.379916
32.137062 284.261327 -172.158934
32.307840 286.351842 -168.720267
32.515498 293.091813 -174.459980
32.524578 294.704662 -173.498729
32.734306 284.403319 -179.571182
33.165080 314.806359 -154.990676
33.395857 267.536540 -171.303297
33.589135 294.515916 -175.539028
34.741494 291.085346 -176.104381
34.939194 279.959922 -159.234381
35.201058 291.029964 -165.458824
35.365311 280.901495 -164.172721
35.816906 282.466963 -175.009009
35.824371 296.824283 -175.684347
36.179359 301.201056 -168.524040
36.194453 284.638980 -169.547990
36.713816 269.275847 -173.211268
36.746645 280.808676 -170.561573
36.916768 289.351355 -147.802901
36.922065 300.293225 -174.514688
37.393096 291.192617 -171.428754
37.553882 292.798311 -172.331714
38.087605 288.960234 -158.272299
38.166430 297.563358 -178.700443
38.332916 295.581631 -178.014503
38.444923 248.474368 -171.364443
38.869892 297.621057 -160.933435
39.128276 282.647131 -165.295277
39.202923 281.339782 -178.821775
39.362579 279.405622 -176.523979
39.543978 285.591810 -173.162309
39.618547 298.646941 -168.542756
39.753033 284.575051 -169.318126
39.778515 273.506870 -170.206715
39.855790 296.939916 -178.903822
39.921532 273.704107 -173.458205
40.047187 296.954752 -185.903594
40.430733 285.639616 -175.791112
40.565968 271.495612 -167.551817
40.925698 297.840840 -174.721964
41.031679 278.017408 -184.955447
41.313441 281.430521 -165.572665
41.381063 279.827901 -180.806090
41.438458 302.905527 -180.645381
41.497476 273.762113 -173.885535
41.705605 297.171874 -175.041709
41.713423 289.762224 -176.831387
42.014112 277.268639 -173.126276
42.264642 277.384615 -172.120383
42.341259 297.754820 -174.172838
42.578365 291.904048 -174.994999
42.676248 291.909638 -166.771924
42.884726 312.605076 -169.657720
43.198451 285.272539 -173.819920
43.360049 305.755644 -179.504435
43.505366 309.885626 -175.987105
43.698126 290.791943 -181.773106
43.701381 292.133393 -166.869477
44.233522 296.144769 -190.858803
44.295753 230.222837 -137.649220
44.458731 278.963309 -176.648699
44.796023 279.334070 -172.299840
45.261181 268.440456 -180.855430
45.323636 304.868973 -175.022572
46.310343 305.792859 -173.398489
46.643493 294.934216 -174.081559
46.705329 283.578432 -188.449654
46.750794 291.830437 -173.051307
47.205892 293.065783 -181.700332
47.368916 294.851612 -182.678172
47.419772 291.111881 -187.333987
48.504842 282.654941 -161.565509
48.591574 293.067280 -170.920193
48.880914 314.953935 -165.304451
49.148480 296.530721 -184.136290
49.288198 303.663834 -184.810121
49.317690 272.237981 -168.397419
49.895020 291.061735 -175.304398
50.235138 288.950194 -171.226696
50.307215 314.958038 -183.047333
50.323815 300.115596 -184.091439
50.427808 281.425169 -177.600802
50.454767 307.891386 -162.077511
50.498290 287.549662 -171.421106
50.542878 290.964718 -177.888781
50.699761 308.581649 -182.735053
50.923325 307.425343 -185.176359
51.075440 292.562537 -179.603229
51.166196 289.005735 -172.200152
51.401181 309.727872 -188.126474
51.494087 317.797952 -166.431587
51.727644 295.904896 -185.146856
51.779748 293.875947 -189.813415
51.959965 312.368200 -189.544141
52.187883 294.420338 -180.780876
52.231313 293.991215 -167.023811
52.930220 313.708523 -191.712567
