0.050227 0.000000 0.000000
0.099399 -69.933815 94.330152
0.154832 16.730367 41.093327
0.211311 9.493203 19.964421
0.249002 -10.626111 20.639035
0.340517 -2.491186 17.669770
0.411898 1.424821 9.746311
0.421502 9.152201 -6.138535
0.446326 -6.195344 9.299075
0.490634 -1.205738 7.861513
0.500952 -0.987558 8.343384
0.550625 -0.987558 8.343384
0.674941 -0.987558 8.343384
0.785780 2.504562 8.343384
0.930821 -9.851040 8.343384
1.005361 3.120282 7.206764
1.079532 1.543321 7.206764
1.210520 3.857308 -7.366650
1.270441 -9.437224 -7.366650
1.329304 -0.339182 4.669352
1.340088 2.670563 4.999960
1.463060 0.560771 1.457021
1.586976 -3.050731 4.835859
1.598940 4.066166 4.208504
1.602351 -1.337843 4.087766
1.665545 1.343126 4.252042
1.689268 1.421738 4.252042
1.696988 3.206555 5.163105
1.749194 -0.191764 -5.451194
1.804465 -0.191764 3.170290
1.907047 -4.820604 4.135635
1.923669 -9.437515 1.904546
2.395623 -1.458876 0.996764
2.431481 2.715983 2.164302
2.475146 5.014242 0.467360
2.646355 0.243521 -4.300071
2.778464 2.947819 2.353291
2.854244 4.697046 3.540668
2.975410 -0.433386 -2.430355
3.139310 -1.069448 0.218778
3.242981 -1.220613 -3.127215
3.539586 0.333708 0.262414
3.815469 4.024348 -3.892081
3.873326 3.275212 0.455243
4.073141 1.479311 1.775531
4.125435 4.956215 -3.301583
4.132700 4.956215 2.250350
4.157225 -0.340510 -3.814438
4.338966 5.765525 -6.507554
4.537234 -0.829722 -2.911026
4.756803 1.600253 2.264626
4.814533 -0.516868 1.029715
4.824218 1.102937 -3.639229
4.864046 -1.831941 -6.451120
4.985847 -3.347482 -7.682893
5.105921 -0.096575 5.293479
5.314926 -0.096575 -5.476879
5.822738 2.879682 3.527243
5.995163 1.755865 2.781856
6.484825 -1.302318 -1.828543
6.497928 -1.553660 -5.337471
6.548638 -2.241030 -4.355729
6.683281 2.055315 2.249119
6.717673 0.679074 -0.245461
6.884203 3.729437 -0.039732
6.942099 0.363399 4.080421
7.281306 2.535425 -2.778743
7.666057 1.220810 -3.651191
7.859314 2.002402 -0.036974
8.057490 -0.110285 -4.629212
8.259179 -0.077454 -3.108892
8.354627 5.802317 2.019703
8.419876 -1.332487 -3.488222
8.463432 2.179357 -0.408698
8.626865 -2.696371 -5.953978
8.701015 -0.963824 -4.427014
8.813017 -0.963824 -9.037429
8.822313 3.530589 4.366892
8.899466 3.530589 1.371531
8.900359 3.530589 1.371531
8.980607 4.022283 -0.418425
8.991333 -7.213763 5.235042
9.017614 5.484174 5.235042
9.112813 4.167716 5.143790
9.215403 9.207001 5.143790
9.278728 -0.047001 -2.948264
9.372820 -0.047001 -2.948264
9.396008 3.112504 -0.050529
9.409924 3.112504 -3.064168
9.415062 3.112504 -3.064168
9.417951 3.112504 -3.064168
9.458042 8.781996 -4.703284
9.467045 8.781996 6.895555
9.480937 0.053713 -6.404644
9.507170 0.053713 -6.404644
9.592944 0.053713 -6.404644
9.614864 0.341657 -8.548776
9.721422 4.443183 4.926844
9.799827 -6.359225 -2.384864
9.840880 -3.773217 -5.829046
9.975301 -0.268918 3.888665
10.096807 -6.016096 -1.453588
10.246096 -5.805539 -1.453588
10.258909 -5.805539 -6.954294
10.265688 -5.805539 -6.954294
10.295784 5.122987 -1.717939
10.314664 -0.561724 -4.443578
10.346725 -0.561724 0.311655
10.514202 -3.199569 4.595202
10.601723 8.204929 0.618832
10.739416 -8.342711 0.618832
10.836896 0.255514 -3.103225
10.857415 6.077076 -3.103225
10.879148 6.077076 2.019535
10.936071 0.937488 -9.002783
10.995084 0.937488 -9.002783
11.006990 -4.224370 -4.191099
11.056794 -1.157676 -2.060532
11.093700 6.653575 -0.690698
11.139076 6.653575 -0.690698
11.181763 6.653575 -0.690698
11.286907 -9.878336 -0.690698
11.342431 -9.878336 -7.719969
11.362117 -9.878336 0.970807
11.388877 -9.878336 0.970807
11.414290 -9.878336 0.970807
11.510905 -9.878336 0.970807
11.527611 4.283522 -8.110577
11.529415 -0.258830 -7.148632
11.543918 6.970597 4.371243
11.603003 6.970597 4.961332
11.710999 6.970597 4.961332
11.768840 6.970597 1.743080
11.778479 6.970597 3.080666
11.795987 -3.643708 2.453943
11.888239 -1.950864 0.993445
11.911881 -1.950864 0.993445
12.050335 -7.493037 3.458371
12.163788 -7.493037 3.458371
12.291444 1.789235 5.277914
12.302042 6.780371 -4.389036
12.314867 6.780371 -1.641136
12.413430 -1.265109 -4.471287
12.486675 -6.916979 -6.405280
12.497459 1.880105 3.414167
12.584000 0.099594 -4.667239
12.640895 -2.157387 -2.570034
12.649105 0.295314 6.489088
12.652567 0.295314 6.489088
12.676725 -6.469354 6.669223
12.679385 -6.469354 -3.258246
12.705666 -4.754129 2.694420
12.745541 4.244644 5.500178
12.816285 -3.853767 5.500178
12.851710 -3.853767 -0.298646
12.909132 5.939764 -8.316571
12.933994 -1.850278 -4.364415
12.944892 -1.850278 -6.627754
13.511263 -1.850278 -2.140431
13.548658 -1.850278 -2.140431
13.733491 -1.850278 -2.140431
14.062395 4.334526 -1.625793
15.028881 4.334526 -4.446862
15.081892 -8.938456 -4.106872
15.085705 -9.118713 -6.290511
15.125581 2.967027 -1.830381
15.162452 2.027704 -1.562965
15.327691 -0.627926 -4.279916
15.895437 1.558586 -0.593551
15.947820 7.848373 4.546150
16.033096 9.186850 4.110317
16.044667 2.818275 0.209417
16.046068 2.818275 0.209417
16.189335 2.818275 7.422610
16.250319 2.818275 7.422610
16.269888 5.983259 -2.749476
16.290444 2.302948 1.072099
16.363734 5.584267 -3.198571
16.552424 4.260640 0.138059
16.641352 0.243036 3.200690
16.815527 3.599207 1.264838
17.638608 2.768657 1.178964
17.787289 1.626874 -3.859992
17.887612 7.993211 -7.623931
17.987176 2.957621 0.834826
18.149266 0.825463 -3.559007
18.234718 0.237708 -0.817602
18.295788 3.774763 -1.448836
18.342008 1.682133 -2.041491
18.521990 1.327856 -1.094493
18.529034 5.327537 0.949923
18.566304 4.870805 -5.420598
18.653162 5.582439 1.342391
18.675846 5.582439 6.066019
18.685093 -6.379791 6.066019
18.871305 9.412926 5.624065
18.920635 5.101388 0.151486
18.997651 -0.998420 -5.921099
19.080781 5.425725 -3.036985
19.132807 5.425725 -3.036985
19.148817 -4.120120 -2.608775
19.213378 -4.120120 4.268012
19.395502 1.214987 1.161954
19.586636 1.214987 1.161954
19.626192 1.214987 1.161954
19.768369 2.529037 2.328393
19.872301 0.187040 -1.326805
19.967506 -0.129011 -7.634688
20.333786 7.604132 -6.672356
20.469943 8.534569 -1.411445
21.253036 8.534569 -8.165699
21.297299 -3.470996 -5.781553
21.300540 -1.313713 -3.681243
21.407169 -4.186148 -2.110110
21.445600 -4.186148 -5.144779
21.891729 -0.950030 -4.793531
22.088412 0.818944 -5.032849
22.176624 -2.275062 -5.304413
22.672346 -0.923124 -5.563585
22.739485 6.431221 -1.282518
22.810957 6.431221 2.169872
22.939882 -2.205969 -2.179042
22.959328 -8.856343 -0.198074
23.159958 0.002147 7.151758
23.730536 4.921506 -2.433079
23.954711 -2.294573 -2.685890
23.980962 -4.474774 -3.935627
24.098491 -6.613460 -7.229968
24.908259 -0.056546 2.680038
25.162190 0.114493 6.833719
25.463757 7.676618 -1.437540
26.080814 5.324935 2.091686
26.399416 -1.500845 -2.242115
26.448797 2.582387 -1.890342
26.488913 9.727694 -3.612667
26.493371 1.482790 -0.082955
26.531299 1.552497 -0.188349
26.772915 -0.451042 -0.092385
26.897099 -7.548523 -7.762566
26.972902 6.160166 -8.053150
27.188016 0.045936 -0.915357
27.216471 -3.493693 -6.076172
27.267805 -2.608118 -0.894623
27.314366 -2.608118 -0.818647
27.764660 -4.677021 -0.030419
27.832446 3.130495 -3.058328
27.888867 -8.051782 -3.013820
27.938381 -2.826354 2.808892
27.940629 -2.826354 5.290399
27.963651 6.814598 -1.074968
28.061151 5.905231 2.473384
28.420944 -9.012098 -2.657839
28.620809 7.765838 -3.489011
28.646835 8.175627 0.838734
28.728299 5.463955 0.838734
28.776035 -8.668489 1.088529
28.909801 7.732598 -1.726639
28.923119 7.732598 -0.738171
28.962664 7.732598 -0.738171
29.098735 3.310120 3.812038
29.119153 4.473500 -0.651093
29.212851 -3.408823 -1.485354
29.217630 -3.408823 3.050469
29.331668 0.646417 -1.848256
29.445921 -5.220310 -1.848256
29.979631 2.278746 -4.684490
29.990054 3.803537 -1.916528
30.105631 0.021734 -5.450745
30.223506 -7.585140 -5.450745
30.232913 -0.743221 -4.869100
30.241649 -5.568225 -3.734435
30.330859 -4.479407 1.791525
30.385180 -1.503479 2.117943
30.519814 -4.270489 -1.026446
30.557233 -3.894937 3.598639
30.680187 -3.894937 3.187085
30.791015 9.941660 5.073565
30.864912 -6.593007 1.263055
31.042737 5.223765 -0.001699
31.115530 5.223765 -8.812412
31.517298 0.944208 -0.399031
31.709733 -2.131249 -3.361661
31.884291 1.332150 0.379891
31.907154 0.230231 -2.011129
31.918546 0.719020 -0.991996
32.137062 -5.187369 -2.349719
32.307840 2.867961 -1.969775
32.515498 2.087568 0.234298
32.524578 4.666723 0.862432
32.734306 -2.471673 -1.773620
33.165080 4.884670 -3.074368
33.395857 4.884670 2.008036
33.589135 -0.173612 0.122203
34.741494 3.914399 -1.940750
34.939194 1.685664 -1.532820
35.201058 -2.637278 1.572343
35.365311 2.407689 0.172677
35.816906 0.206986 0.795073
35.824371 0.914171 0.323746
36.179359 -0.800628 -1.020581
36.194453 4.596016 -0.025245
36.713816 -1.452070 -0.904630
36.746645 -0.197327 -0.191543
36.916768 -0.883838 0.673967
36.922065 0.785349 5.359009
37.393096 2.844586 -1.886269
37.553882 1.692192 -1.443023
38.087605 2.567655 -1.018936
38.166430 1.759063 3.296679
38.332916 -0.382964 -1.270196
38.444923 0.364706 -1.976044
38.869892 -8.082556 -0.719237
39.128276 4.910063 2.305136
39.202923 -0.176509 0.735463
39.362579 -1.516826 -3.060157
39.543978 -3.212897 -2.048065
39.618547 -0.384884 -0.974772
39.753033 2.474457 0.355371
39.778515 -1.129580 -1.146622
39.855790 -7.367764 1.657184
39.921532 1.316065 -1.253382
40.047187 5.578009 -1.959627
40.430733 3.800419 -8.073037
40.565968 0.587256 -3.101229
40.925698 -2.933789 1.417056
41.031679 3.704449 -0.661977
41.313441 -2.370626 -3.539858
41.381063 -3.697317 0.615893
41.438458 -1.040802 -3.994926
41.497476 3.675713 -1.920235
41.705605 -4.215308 0.466416
41.713423 8.857544 -1.091714
42.014112 -0.259357 -1.253711
42.264642 -1.903972 -0.773128
42.341259 0.288621 -0.388586
42.578365 2.386486 0.080269
42.676248 3.517012 1.539202
42.884726 2.644736 0.487422
43.198451 7.625624 1.076950
43.360049 -1.250880 0.637094
43.505366 6.008267 -1.074893
43.698126 7.607421 -0.932511
43.701381 -0.118276 -1.672675
44.233522 2.922331 0.435952
44.295753 2.811473 -3.554368
44.458731 2.811473 8.620235
44.796023 -1.133547 0.903716
45.261181 -2.226809 -1.019801
45.323636 -5.282970 -1.906760
46.310343 1.381137 -0.074921
46.643493 2.863295 0.351638
46.705329 1.299621 -0.257859
46.750794 -1.123534 -1.924235
47.205892 1.295624 -0.561680
47.368916 2.010685 -1.186115
47.419772 2.010685 -2.634657
48.504842 1.101669 -1.399542
48.591574 -0.210806 1.016472
48.880914 0.625466 0.485296
49.148480 2.979454 1.633119
49.288198 0.013263 -1.810991
49.317690 1.906071 -1.606160
49.895020 -2.047994 1.740884
50.235138 0.438171 -0.224618
50.307215 0.689674 1.016240
50.323815 4.261911 -1.306743
50.427808 2.219011 0.279281
50.454767 -0.013233 -3.096188
50.498290 3.606848 2.394519
50.542878 -7.555869 -0.940834
50.699761 -2.104194 1.039889
50.923325 3.295112 -0.663893
51.075440 3.295112 -5.393116
51.166196 1.428636 -2.765043
51.401181 0.253739 -0.385063
51.494087 0.879965 -1.872156
51.727644 7.705790 5.858839
51.779748 4.498247 -5.056473
51.959965 -1.412725 -8.200683
52.187883 2.984273 -6.056482
52.231313 -0.126726 0.149193
52.930220 -1.381851 2.999345
