0.050227496427347806 216.38222062869872 -133.9368390832927
0.09939901762305947 218.30495568853007 -132.67836484317226
0.1548323849355574 222.6316782202024 -132.454356062999
0.2113106969446199 225.4013250350793 -133.0053259995
0.24900194638188 225.19016954103373 -132.87176942181776
0.3405166740317961 225.66600191051722 -132.09690320980727
0.41189839867350764 227.33142966116384 -132.5405385608683
0.42150248681584024 230.55105786654505 -137.5029454252112
0.44632629455541206 228.26208614206112 -136.36126347470133
0.49063389210023556 227.9643151201528 -135.89766731316283
0.5009519430456998 228.34228784603548 -134.36385820846994
0.5506251897456144 228.40145941651804 -134.07734330594153
0.6749405775497376 228.91757874405778 -133.60261154848158
0.7857804524108161 228.0120559784054 -133.53059790390617
0.9308214965551961 229.0850791411039 -133.42444607859983
1.0053606392411445 228.96826954766618 -139.80839111108693
1.0795324971898637 228.97800655493063 -141.44526788229828
1.2105196607066036 227.42494659944407 -139.39135072253214
1.2704410058019595 226.37773258242964 -138.0824736706178
1.3293040245826377 227.6547609366755 -136.77408665471552
1.3400876267131996 228.3119133974667 -136.43070906404003
1.4630600717560127 227.28490732422952 -135.4525237826873
1.5869760673532545 228.5074516295461 -134.71310063055333
1.5989397517340125 228.66457599923646 -134.24382714661544
1.6023507988456704 228.7369373769548 -134.13890540936157
1.665544528194367 228.60310144576164 -134.32699542576322
1.6892675488469884 228.8123479977957 -134.14548122579043
1.696987789199615 228.46837603218538 -134.11953500239775
1.7491940500739895 229.216626892515 -133.7915893124599
1.804465060818123 228.89880350826317 -133.37131276001242
1.907046551836077 228.1112597770118 -133.23507388342554
1.9236688414062542 228.12064311837267 -133.2696818295702
2.395622547133933 228.65427748023185 -132.95591714044505
2.431480659094058 231.0115677648849 -132.73616615687794
2.475146402926808 230.4683112012225 -134.80440176633672
2.6463547115690744 230.7867032217035 -134.7893596571282
2.778464179508245 231.99804802238344 -134.30596065963744
2.85424425536837 231.33046095464627 -134.15905745295203
2.9754101403667685 231.5850387740008 -134.07326820965392
3.139309696463248 231.24241538786382 -135.44638626437154
3.242980700616111 232.34530358366246 -135.16233529625802
3.5395856059752955 233.0920090370334 -136.62322032641381
3.815468825040081 234.63868949942076 -136.38526045621572
3.873325997569812 235.24765673385585 -135.3430427340979
4.073141483820856 235.39228439660937 -137.47365858086064
4.1254348348963985 244.70914849430523 -136.75483214361142
4.132699766923116 242.9381755656602 -137.7767888875448
4.157224921026526 243.05231314174677 -138.7361599125888
4.338965923021402 241.8216244422172 -139.21828788815705
4.537234277904909 241.8747253694528 -138.75411460588768
4.756802541860604 242.01623356378832 -138.19882584096743
4.814533312883292 242.1789058699794 -139.53790009835797
4.82421766722466 241.5230651770838 -140.16643053636534
4.864046324166315 240.23113140114896 -140.68839578035744
4.985847169593532 240.2166198593179 -140.15161110502552
5.105920607782485 239.64078342739066 -141.20237645947796
5.314925878608662 239.94758814218173 -140.08932288217343
5.822738333704811 240.47556901296224 -139.2128067009462
5.995163404529025 240.54708401145473 -140.30382484129996
6.484824722831038 239.64613795075817 -141.86792755246532
6.497927523523739 239.42071381845392 -143.47936866037347
6.548637897392682 239.6447144335802 -142.51318101819737
6.683280854032794 239.52476813536612 -141.9285738585582
6.717672841030192 240.55696402909987 -141.20705070664312
6.884203350656261 240.45448863409092 -140.26200361504306
6.942099030137041 240.744585481867 -141.08459577866157
7.281306059555192 240.57481875293124 -141.65709771893162
7.666056679104401 241.4947042707988 -141.09039604064205
7.859314263735735 241.23890869808906 -142.7080033402601
8.057490499122586 240.35739268546277 -144.15541988313882
8.259179122439981 241.915174962558 -143.46563789797483
8.354627425952902 241.41770066894782 -144.33694484585888
8.419875610002265 241.9342057745914 -143.66840676793944
8.46343212963326 241.35211203191062 -144.31155627971177
8.626865326253649 240.56575386352867 -144.78560572226317
8.701014548450974 244.22019256007584 -146.94767843076107
8.813017412604985 244.11174658910292 -146.23830731630275
8.822313080580102 247.16841022188726 -145.09159551331126
8.899466314197475 248.82891188727527 -146.98008152204744
8.90035934610961 248.18979426885912 -147.6935104950545
8.980606530735852 247.80810354606658 -146.68679189964203
8.991333474832887 247.56689017316353 -145.98381154450186
9.017613503724922 247.64531261663467 -145.14852294720203
9.112813232710302 247.59767486712295 -144.62978637070546
9.215403483267641 247.12907052101477 -145.32823153299205
9.278728162258263 247.69922146781565 -144.7875981097789
9.372819874037468 247.77032570510704 -144.457251895568
9.396007731613427 248.24581967809806 -144.0997508766463
9.409923682932433 248.1351091964311 -143.59086148543653
9.41506150757552 247.9856203284877 -143.25600010603506
9.417950991816182 248.1852970125823 -143.00029677847027
9.458041948264002 248.1287345392262 -142.35536327491977
9.467045284788188 248.2717353024316 -142.0172685501644
9.48093662420515 247.52927693938585 -142.79046226565114
9.50717030171016 247.44545930347894 -142.49844744870535
9.592944264792207 247.73602203611162 -142.26541790792382
9.614863857812836 247.9639599373216 -141.96918668964557
9.721422073693107 247.98515982260153 -141.73820559026535
9.799826777506992 247.95843817851727 -141.63950649555835
9.840879959974574 247.9850496736369 -141.2617918751078
9.975300629302975 247.84091213874206 -141.03215797513198
10.096807407809582 247.4896104796941 -141.45788955675337
10.246096124406774 248.57010863728027 -141.58702896075243
10.258909139036485 248.70970030903501 -141.1480336559276
10.265688034363011 248.85541636806778 -140.87301892769682
10.295784304772619 248.96148574602677 -140.69123781470054
10.314664281118501 249.3536164064457 -140.56386790022532
10.346725243701357 249.2834907371919 -140.15128863704274
10.514201710461773 249.60942986458193 -139.80994882329233
10.601723145457496 249.3564611854989 -140.38033945361624
10.73941585192119 249.42525769047379 -140.3800985370973
10.836895806841616 249.4913623079575 -140.1867503523968
10.857415494471214 249.68718033339007 -140.07713629481805
10.8791477383132 249.75254422852322 -139.80069006712114
10.936071495331898 249.24137419109704 -140.30262322373332
10.995084257892524 249.2788952220917 -140.2484502019217
11.006990166140055 249.62776047984084 -140.24204592830134
11.056794062161684 249.79342747338478 -139.9224958996929
11.093700064305649 250.312913363983 -140.02987482535806
11.13907640540235 250.5281593999248 -139.83760072674983
11.181763149984842 250.13952849496366 -140.35116476563084
11.286906861811714 250.60927718530502 -140.31058627530828
11.342431179204928 251.06692264807313 -140.1891451746624
11.362116930445637 251.51909359099426 -140.24692582185605
11.388877228316375 251.77607087414478 -140.06245696216757
11.414289710031968 251.4972791402874 -140.49222426012437
11.510904678203485 251.82475915145466 -140.62490490231144
11.527611285781836 252.03014267279696 -140.53810373380762
11.529414561441838 252.4491010014221 -140.51540136831733
11.54391790156023 252.65605183568312 -140.2849703087498
11.603002791146578 252.64718371028926 -140.13430654870817
11.710999248805303 252.88188909863706 -140.00900609266552
11.768840230084326 253.6622975465777 -139.86591821729186
11.778478801930206 254.05348505746224 -139.88194090710405
11.795987268740173 254.22400048071506 -139.76741535416633
11.88823919884586 254.41221222762147 -139.6859322488788
11.911881399929038 254.63443710773868 -139.61196799215546
12.05033534528478 254.2797343167474 -140.01874143086084
12.16378838733895 254.86948210016584 -139.94026816651112
12.291443683783918 255.37438191109635 -139.98507828056538
12.302042273693747 255.84016269752368 -139.9784792341641
12.314867153028846 255.78783112549843 -139.95972381145765
12.413429706931298 255.9165610369769 -140.04354242054023
12.486674781149663 256.47263175870233 -139.98378317027203
12.497458856525192 256.77831134293126 -140.0463820899207
12.584000260351884 256.85383038169533 -140.06056453250832
12.640894887593895 257.0397903252052 -139.91238924328152
12.649105380949935 257.473140699655 -139.79210811075802
12.652566665284713 257.51002631995436 -139.59832620943212
12.676725166883664 257.87270427732926 -139.62805493732222
12.679384604438589 257.887586891298 -139.5430702771789
12.705666070474281 257.8675509614898 -139.45566795916017
12.74554096907511 257.9918692431433 -139.33002016991725
12.816285402188768 258.1704991855561 -139.29249107750678
12.851710497344218 258.51991232104115 -139.42552179001527
12.909132040101632 258.5959832719105 -139.48080301249794
12.933993628801183 258.8510864988398 -139.4548662903655
12.944892225886854 258.8734597656064 -139.39594287441145
13.511262655416733 258.38628864347066 -139.78466072571516
13.548658410055594 259.2122632371323 -140.43958245814164
13.733491060453927 259.5067533164921 -140.43629905392908
14.062395229880051 260.9872456751271 -141.0052539874421
15.028881482828673 261.21853859234204 -141.58497560854622
15.081892077194116 262.8522257739942 -142.6904917297498
15.085705256648447 263.05387337232173 -142.51779797833925
15.125581101979748 263.2757095080849 -142.4257477250571
15.162451877538686 263.4103607455006 -142.43001328078182
15.327690822458283 263.5219939780618 -142.336302440465
15.895437087039047 264.08325171276596 -142.24600917639896
15.947819604414507 265.7816163894841 -142.42391978859297
16.033095503900935 266.17735451116073 -142.37151263942624
16.044667041285685 266.5066386128249 -142.22138221355112
16.046068042085846 266.7772460580308 -142.25573072605334
16.189334645527786 266.98072359821623 -142.01450570872925
16.250319001459847 267.57996341093684 -142.02602637564067
16.269887500965964 267.8859221121835 -141.85738083234472
16.290444331798692 268.16715018282883 -141.92141873169058
16.36373417700575 268.2311694210004 -141.86135945827314
16.55242410849145 268.3371152862412 -141.70015685852414
16.64135220751341 268.9567475085934 -141.74414012065967
16.81552695730454 269.41012921297175 -141.63513037344987
17.63860825556138 269.8577788947204 -141.7855322173856
17.7872887354084 272.84423194640004 -143.17615517216637
17.887612246676433 273.4743948564703 -143.18578095757792
17.987176242918878 273.6066089079616 -143.36008239387655
18.149265698015995 273.7789706232924 -143.3083966426329
18.234717939991846 274.43965226082065 -143.36932946564227
18.29578839256137 274.49990073350824 -143.4856101270649
18.34200799099732 274.5074759037572 -143.53592851398585
18.52199018834902 274.9101576229901 -143.40955048924477
18.529034143333607 275.686118146302 -143.58177867191765
18.566303863414745 275.94809654968793 -143.51716061526707
18.653161676213184 274.8815661079474 -144.03817863466054
18.67584584863183 274.9741363136981 -144.492267188471
18.685092682996228 275.2110997462294 -144.3506960069865
18.871304964158554 275.2835778917748 -144.2208986433006
18.920635087924712 275.8125238051378 -144.4613119601973
18.99765064793096 276.0148926698539 -144.54154240880487
19.080781313024694 275.29000416143407 -145.04444803948456
19.132807140014272 275.5872831177003 -145.04020914554727
19.148817128694578 275.5517939573972 -144.8942458587744
19.21337817753966 275.6779319708487 -144.8591029765604
19.395502184511983 275.7386043838811 -145.0109431641092
19.586636212461407 276.7937185164293 -144.98622235491973
19.626192115708733 277.32492880788215 -144.9320191947564
19.768368964880207 277.33460912768834 -144.8554862788365
19.872301216042928 277.69436760887055 -145.22620706493493
19.967505817204415 278.2231218057864 -145.57222678003112
20.333785824328046 278.0103119835399 -145.95824414394014
20.469943476282026 277.8695021352609 -146.67192070950492
21.253035614754655 277.8683528642669 -147.27079806929515
21.29729899792215 279.7222608296276 -148.05737033240501
21.300539688627946 279.3994849036626 -148.32323436879764
21.407168872974356 278.15772731381264 -148.566405181969
21.44559956695879 278.21119371335834 -148.90863322780936
21.891728558208335 278.28905034476924 -149.1705631582758
22.088411980597222 279.1347790641299 -149.85710636699028
22.17662355538819 279.30220802554516 -150.47039593315043
22.67234610284298 279.1654792976032 -150.92208444155818
22.739485176931733 279.7620790352253 -151.29327876892108
22.810957080096 279.5194113455563 -151.76504407391522
22.939882275066253 278.8203934033843 -151.93355025520304
22.959328120226665 278.82260855398283 -151.480114985481
23.159957758940006 278.4288706177356 -151.73632507710136
23.730536391783737 278.45045207944537 -152.15887919109093
23.954710536277307 279.2419041481521 -152.91833822744866
23.980962120479866 278.9142715057799 -153.9101072542509
24.098490804587847 278.8575012079778 -153.7282970582575
24.908258973789703 278.32807520976644 -153.2196731465567
25.16218991640507 279.9335044542944 -154.29991476112056
25.463756857397318 280.9573543337694 -154.29491973841863
26.080814078590066 281.0675035896737 -154.9258758499417
26.39941648843891 282.24106612172943 -155.73709599935876
26.44879671899012 283.3824411979042 -156.48597285839492
26.488913090541644 283.22625894602055 -156.56070139172922
26.49337123408013 283.1918411279275 -156.60787634269968
26.53129892154178 282.76387238616655 -156.75305087612315
26.77291482571999 281.6483537899564 -157.4777088722246
26.897098868905022 281.86550086583185 -158.05286136689304
26.972902490483687 281.6484906558149 -158.31540578105296
27.188015774659583 281.98900848086026 -158.51939186185055
27.216470684382077 281.91891928289573 -158.95267196455353
27.267804898523522 281.34669976497037 -159.13641695711055
27.314365836119933 281.29589217611056 -159.37422392023007
27.76466001654979 281.4307104467908 -159.55879003711408
27.83244564554632 281.62179041399685 -160.1755740558735
27.888866906948866 281.1415411746207 -160.18169407744702
27.938381310440644 281.1248640732333 -160.34940253988702
27.940629447793448 281.12953626724203 -160.53214433067205
27.96365078691091 281.0532375238152 -160.5246462768551
28.061150996947042 280.77832006605956 -160.59490128963506
28.42094439424048 281.08149476372483 -161.03121927819424
28.62080868633717 281.69341424681625 -161.4942797040181
28.646835288435195 282.2658830663223 -161.33556886765555
28.728299019437486 281.83587693265235 -161.33957267178667
28.77603544485677 281.8885193256403 -161.5203241125057
28.90980073235715 282.0753128139013 -161.6548365922702
28.923118685970852 282.73547961594284 -161.21317959148763
28.96266352049061 282.6194195084621 -161.1027244996859
29.09873543688675 282.6545722904345 -161.21155119574263
29.11915277454752 282.68702199808365 -161.38168908573348
29.21285143113881 282.41615029450884 -161.5818745189001
29.217630234275124 282.48023495731627 -161.75373211213503
29.331667939210984 282.40819810363206 -161.91690486036015
29.445921047194748 282.55456862039716 -162.23579717756286
29.97963060898887 282.6492826684875 -162.4524581748798
29.990054304677688 283.52089280458597 -163.22578539962967
30.105631465264615 283.33737315842365 -163.57475899016683
30.2235060308755 283.34261567339576 -163.8326600282161
30.23291279462117 283.16400907589735 -164.14010101768363
30.241649095777593 282.8699024527615 -164.01402909196457
30.3308592251768 282.63187905840806 -164.1173885576857
30.385180077653665 282.4819447260071 -164.2648182006012
30.519814126737362 282.42406293339707 -164.25665810647985
30.557233413924184 282.7957618631614 -164.4500690866917
30.68018712871542 283.02660288188855 -164.38173438979294
30.791015111135003 282.97043052747404 -164.57506121123996
30.864912177357823 283.18927388930007 -164.89057979825367
31.042737416539456 283.82902295916534 -165.29095388814824
31.115530350252797 283.9111078036351 -165.48220335175418
31.517297924901555 283.71792304132913 -165.62965935854953
31.709732875372612 284.22678320342305 -166.16812770062202
31.88429101966746 284.32795251426865 -166.4580512938342
31.907154343353234 284.58606075090484 -166.67432853004976
31.918546219277584 284.5698424545934 -166.87365640280512
32.13706181922981 284.5833667473735 -166.97099485640183
32.30783970761851 284.9653030174452 -167.25121715998935
32.51549768435156 285.37167316568815 -167.5636841333437
32.524577887021834 285.85846482978053 -167.89961512369214
32.734306363681966 285.850337109709 -168.09419938455127
33.1650798601233 286.6498533771843 -168.13299878384248
33.39585664249981 287.051841470054 -168.68510707046573
33.58913479591448 287.550135040643 -169.06485093727775
34.74149401857906 287.9244175412751 -169.40479460565447
34.93919398325738 289.67523003475264 -170.5774772088278
35.201057659598014 290.0218357012879 -170.7181516201672
35.36531136418796 290.2897801432853 -170.90719193489363
35.816906396068454 290.42052429013137 -171.16862425076906
35.824371002460936 291.2666081244708 -171.77180937311837
36.17935936434786 291.45235614548017 -171.72371888084479
36.194453426195054 291.9115317307806 -172.09660605307644
36.713815799632776 291.5430114372664 -172.13342992480918
36.7466446478044 292.18963146741027 -172.70665989972875
36.91676843994174 292.1926691215677 -172.30903809239095
36.92206508662601 292.6064078842387 -172.54137586430122
37.39309602377528 292.59072333945164 -172.52837432121143
37.55388207888156 293.3513337752792 -173.0621703380154
38.087604628718786 293.53356109826586 -172.98904947318755
38.166429869211996 294.46068715456516 -173.6934539610083
38.33291609931597 294.60688428479386 -173.85848826886513
38.444922684217744 294.07074595297786 -174.00424911638603
38.86989172899215 294.30872339204126 -173.9057782903774
39.12827564758618 294.77593556941764 -174.23392580114572
39.20292284120573 294.9468205762569 -174.60384839248968
39.36257909168079 294.79474996840884 -174.72094050317264
39.543977581515065 294.88465340524937 -174.8737544660159
39.61854689805545 295.2299496767358 -174.9692836789845
39.75303272882625 295.1653594725851 -174.95723143719755
39.77851544874841 295.00944748016076 -175.02770368958778
39.85578981536283 295.0804332062496 -175.1202265502943
39.92153208096684 294.8492274820767 -175.17934722228273
40.04718675950881 294.9833313770269 -175.426144066232
40.43073328445987 295.0247548722924 -175.5730197921659
40.56596792028834 295.22528302421756 -175.87334647377216
40.925697519463974 295.4708834176589 -176.0059473409893
41.031678789267175 295.7290738948396 -176.55303491505677
41.3134408328042 295.65749597512723 -176.4951743040484
41.381063461127475 295.82132182531683 -176.8790834601412
41.438458333719325 296.0344255839064 -177.0147759964448
41.49747575798734 295.7684552041687 -177.02973022281208
41.705604870756986 295.87721814944035 -177.0647729758566
41.71342311215001 296.0886931803771 -177.2937495970185
42.01411240693558 295.81177950845887 -177.23862311938706
42.264641829247786 295.9672789124273 -177.49523480558855
42.341259352195856 296.3583468842366 -177.72279480425013
42.57836528735929 296.40165557701397 -177.76631670641316
42.67624837914663 296.676861525898 -177.86170485000463
42.88472584628384 297.05939376599343 -177.8457445409803
43.198451289505 297.1848405081315 -178.01434938941557
43.36004934033284 297.76954847409445 -178.38146347949413
43.505365862130404 298.1873362284342 -178.52286634795774
43.6981263915031 298.2883494054143 -178.73115866293873
43.70138149296386 298.476782421641 -178.76545880078586
44.23352172848423 298.44710964009397 -178.94742025183916
44.29575284204097 298.19416638428385 -178.9116065313019
44.458730987650995 297.9966831903709 -178.9451629962139
44.796022532611524 297.9505219791148 -179.0226593101847
45.26118131443078 297.9842196492721 -179.41268091928444
45.32363580191754 298.7337333746952 -179.84692869967785
46.31034331920401 298.9259120305804 -179.81780860408043
46.64349315925398 300.2384764634197 -180.78436472827775
46.705329100729834 300.44103761335055 -181.25981420582448
46.75079411263183 300.39338940465507 -181.19905411046784
47.20589156130467 300.3442045388524 -181.25522151017725
47.368916179710304 300.8855754048567 -181.76280289212636
47.41977183166898 300.95940975731787 -182.02237544207063
48.504842149322116 300.7514469383418 -181.76656082232807
48.591573900162 302.10527872645383 -182.74486003369623
48.88091439348429 302.42484222864033 -182.56229686895966
49.148480011538574 302.726225549967 -182.8901404734687
49.28819839058741 303.1046332943888 -183.200742788473
49.317690001708485 302.8134244445966 -183.11653369902933
49.89502005844654 302.67246148503057 -183.02717878694978
50.23513783195753 303.23235071173343 -183.44270211116591
50.30721487790392 303.87019284268837 -183.7881322479595
50.32381462604544 303.9086129663096 -183.8673378055474
50.42780839867325 303.5875370060237 -183.78881925345323
50.454766597765946 303.790903080198 -183.56774378217202
50.49829034956239 303.5844814015104 -183.4140923335281
50.54287818781764 303.4562116100702 -183.37699447231387
50.699760936772776 303.5896985040963 -183.4129621278721
50.92332486870161 303.85269668587244 -183.59787720017476
51.07544037757266 303.98576823627616 -183.76752221671074
51.166195571654704 303.9716633358982 -183.75603226232192
51.40118079870808 304.17272044415193 -183.9098712795614
51.49408734103276 304.67531091829227 -183.89986466653366
51.72764412578814 304.6748163365481 -184.0108547888578
51.77974803732624 304.8311736941354 -184.32733495014807
51.95996502528102 305.00423305750724 -184.452273051036
52.18788259479816 305.0953914475817 -184.58367903888924
52.23131285680205 305.24159432570156 -184.57156555447804
52.93022024467648 305.41388461856377 -184.71247414659635
