0.081528 230.259723 -134.201815
0.148953 220.323828 -131.356967
0.190727 222.234982 -132.936990
0.328193 222.293395 -133.266976
0.460361 228.231964 -133.583767
0.505733 227.969232 -128.473073
0.564494 228.840400 -131.331800
0.673168 228.196283 -132.838719
0.745354 222.976933 -132.428655
0.804114 230.701488 -132.036555
0.814358 230.048493 -132.983917
0.924481 226.139302 -133.709160
0.926821 225.755003 -130.374995
1.006903 222.109228 -131.253022
1.048370 226.975711 -134.032209
1.223572 230.381071 -134.412629
1.240778 235.158921 -131.127472
1.403560 229.274457 -132.841803
1.478290 225.140491 -129.923272
1.509681 220.327166 -132.295359
1.607304 228.974944 -133.571900
1.633401 222.336752 -130.725652
1.711588 225.606448 -133.909007
1.734679 231.763230 -131.473936
1.748428 222.715455 -131.705182
1.783223 227.720906 -135.494919
1.881712 228.057504 -131.801122
1.997859 233.205239 -130.524562
2.207256 232.142988 -133.404276
2.295607 232.262397 -134.522680
2.604793 239.240045 -133.390579
2.608273 233.241975 -130.214746
2.683313 224.620160 -133.010978
2.853301 237.127820 -130.620550
3.379368 239.671892 -132.624037
3.423098 237.670034 -132.358669
3.566109 234.091159 -127.436708
4.088088 304.285350 -130.222930
4.181715 234.595122 -131.690110
4.697051 235.412859 -130.613559
4.875912 238.558535 -133.330218
5.245928 239.296628 -125.719589
5.919774 239.271646 -124.528214
6.044016 237.132173 -134.934394
6.646744 248.793309 -131.221816
6.877637 238.351892 -128.640390
6.907658 241.564911 -132.861924
7.867037 243.948137 -129.066584
8.085082 246.265074 -133.535344
8.109616 275.748181 -177.814775
8.180215 239.234521 -130.459088
8.305387 292.929066 -174.582732
8.770824 240.105945 -133.629055
8.830011 290.881965 -124.509377
8.842444 240.879478 -128.495458
8.962847 256.183059 -131.839471
9.028911 248.734379 -130.993057
9.041992 245.277872 -133.313588
9.064451 245.946621 -135.482908
9.223926 252.841198 -136.508299
9.291720 247.064484 -134.193608
9.371093 246.484199 -125.611943
9.427247 253.702799 -133.597901
9.452397 248.650710 -128.514663
9.497226 239.546129 -136.034662
9.544902 240.381381 -132.914048
9.581758 249.473416 -132.065979
9.616461 244.272156 -131.263076
9.674078 243.598951 -134.887444
9.736853 244.147800 -133.832938
9.768244 254.430827 -134.762103
9.933944 254.549769 -130.320933
9.996967 243.238994 -127.798220
10.030145 242.512140 -124.206995
10.040276 241.156071 -131.000334
10.070379 251.926027 -134.609996
10.094239 244.965981 -138.726365
10.343733 250.460962 -129.688934
10.457730 246.196867 -137.207787
10.561546 260.164863 -135.701571
10.687291 249.009640 -134.605256
10.704367 252.564921 -131.871482
10.716819 245.378746 -125.643406
10.856266 258.414627 -127.288828
10.945308 273.981125 -142.839296
11.058888 266.113274 -143.289999
11.128353 261.287864 -135.481327
11.203944 265.501767 -139.538308
11.221409 257.194656 -133.064383
11.227707 255.727013 -131.659252
11.233240 257.893503 -138.916776
11.350417 260.026960 -133.246520
11.379287 260.533975 -132.048261
11.391229 261.084596 -134.224686
11.442456 251.253673 -134.692912
11.590702 255.100453 -127.585511
11.607961 250.674676 -132.982788
11.626823 261.693573 -129.971177
11.732495 263.362861 -145.759866
11.736933 254.160849 -134.426805
11.763850 264.777350 -141.533091
11.941695 269.034136 -139.161954
11.944212 265.742016 -137.824965
11.975756 277.461124 -131.235674
12.085328 276.189609 -141.108433
12.112194 262.594250 -137.277476
12.152224 255.123977 -130.879186
12.200665 256.356646 -135.650846
12.244942 264.452976 -137.017285
12.336037 262.129055 -136.588042
12.336669 257.533140 -141.937189
12.347179 255.287278 -134.654297
12.409000 266.704225 -133.460070
12.536390 256.417730 -134.735272
12.601643 260.942463 -132.077448
12.628200 262.478287 -141.714247
12.816435 267.304664 -145.570795
12.819455 251.997941 -138.863815
12.858550 265.880705 -139.963194
12.861782 271.314259 -135.173666
12.960821 271.753503 -132.730003
12.977121 258.290238 -129.597471
12.979921 259.214258 -140.554716
12.989182 260.604361 -143.880891
13.102172 269.800354 -139.503608
14.405176 311.863129 -166.197395
15.037703 264.260104 -137.454027
15.254471 264.793368 -141.721514
15.622611 265.808115 -134.254476
15.645615 274.964737 -138.377789
15.834589 269.956303 -134.762057
15.870165 272.156454 -138.487206
16.025028 278.734118 -135.243964
16.061293 278.059331 -144.343378
16.242892 276.638019 -139.862380
16.315151 276.521997 -139.268863
16.517311 276.653365 -143.449622
16.568969 273.617207 -140.368960
16.574038 273.900170 -133.560574
16.713087 268.579334 -138.824160
16.728895 270.744163 -134.544061
16.828237 275.394547 -131.826549
16.998826 264.135452 -133.154560
17.379172 281.745280 -140.776003
17.533144 301.036243 -184.816605
17.534837 267.655635 -148.332387
17.674445 268.469761 -145.463656
18.102892 286.195930 -137.270558
18.177357 282.578745 -142.715329
18.287267 282.887712 -137.577832
18.289888 267.262849 -146.506541
18.503043 277.390190 -138.168373
18.527245 286.112654 -140.660999
18.547264 278.985033 -146.976255
18.591565 269.502448 -139.342462
18.750299 286.725211 -147.161987
18.766817 268.608939 -162.156708
18.908415 276.396944 -150.829968
18.942009 267.855474 -144.381371
19.064903 290.060389 -159.477001
19.078343 277.718637 -137.357476
19.119582 270.269474 -150.591747
19.119627 272.599400 -140.149403
19.201093 303.751436 -138.908197
19.216751 267.314893 -136.690273
19.332311 278.931700 -142.640385
19.387747 276.339295 -159.376873
19.553321 279.626417 -142.762255
20.161689 254.989234 -162.029175
21.018746 268.761391 -160.820738
21.027173 260.999858 -171.336100
21.257160 222.328602 -159.324075
21.285398 260.295470 -158.595837
21.439898 271.862249 -159.120621
21.978368 277.531697 -159.844053
22.219482 266.038892 -126.630557
22.317846 254.704090 -149.370587
22.635594 265.621417 -170.584203
22.795395 241.030819 -156.593928
22.844033 268.148345 -165.125348
22.960422 262.256886 -169.660073
22.995750 263.662059 -167.745091
23.613974 244.429035 -187.520276
23.729185 259.499045 -164.196719
23.789458 258.818305 -162.490482
23.852155 259.452593 -163.412372
24.341763 273.998434 -144.819521
24.664234 244.428662 -126.357962
25.009611 301.074838 -144.866850
25.784162 277.114240 -169.148154
26.013809 260.292526 -169.392709
26.040223 273.231739 -157.636991
26.146979 301.729277 -173.663320
26.220251 271.166778 -171.814389
26.311924 278.433879 -165.268197
26.690830 278.563339 -156.965384
26.840978 232.491343 -185.842122
26.881986 265.111736 -162.443867
26.927526 262.504494 -163.997325
27.055128 254.341970 -157.240847
27.081556 274.813521 -167.450566
27.093681 261.262944 -167.920082
27.146961 275.759653 -165.185709
27.158835 254.319032 -165.784198
27.171999 290.166430 -163.865170
27.572071 277.238225 -166.463572
27.700880 277.296498 -160.060691
27.874125 283.541026 -165.604256
27.944627 253.007032 -166.182127
28.007276 258.796807 -160.171855
28.188654 303.844937 -131.835864
28.252246 287.289615 -176.964915
28.365545 292.430796 -143.364837
28.547164 265.704989 -162.758368
28.663647 275.486106 -154.756404
28.677283 280.107762 -164.715685
28.755759 287.146451 -165.761317
28.930276 277.375236 -166.052080
29.290501 277.061351 -165.588460
29.295135 280.203323 -173.352791
29.392813 280.804137 -164.683563
29.481207 278.030550 -170.516792
29.516527 266.154005 -171.032617
29.751228 271.689783 -162.741892
29.819945 279.593741 -172.964907
29.829662 276.812734 -167.542439
30.010296 291.446425 -166.865982
30.093608 293.008211 -157.820693
30.095311 262.098958 -173.776703
30.202676 265.219091 -166.942440
30.218903 285.248817 -176.308926
30.242964 273.774365 -160.197862
30.258440 272.378547 -181.908552
30.391177 265.481964 -156.349603
30.640343 272.643388 -170.871195
30.734270 268.218177 -169.448777
30.981828 267.335582 -167.841764
31.100843 271.275345 -170.473833
31.314570 274.616144 -170.634537
31.558872 282.806589 -167.489266
31.591114 315.114924 -184.445410
31.669456 270.680121 -164.653381
31.730698 281.293111 -177.379916
31.778582 264.424960 -169.519656
32.030952 286.351842 -168.720267
32.195104 293.091813 -174.459980
32.399964 284.261327 -172.158934
32.622294 294.704662 -173.498729
32.697323 284.403319 -179.571182
33.135344 314.806359 -154.990676
33.388088 294.515916 -175.539028
33.726002 267.536540 -171.303297
34.052564 291.085346 -176.104381
34.403769 279.959922 -159.234381
35.377923 280.901495 -164.172721
35.427421 282.466963 -175.009009
35.762853 291.029964 -165.458824
35.872630 296.824283 -175.684347
36.106808 289.351355 -147.802901
36.149330 284.638980 -169.547990
36.570733 269.275847 -173.211268
36.773769 280.808676 -170.561573
36.843758 300.293225 -174.514688
36.865887 301.201056 -168.524040
37.367050 292.798311 -172.331714
37.457362 291.192617 -171.428754
38.113041 248.474368 -171.364443
38.440393 297.621057 -160.933435
38.511151 297.563358 -178.700443
38.947414 295.581631 -178.014503
38.968391 288.960234 -158.272299
39.128273 284.575051 -169.318126
39.198184 282.647131 -165.295277
39.219397 296.939916 -178.903822
39.423335 281.339782 -178.821775
39.449823 273.704107 -173.458205
39.564702 273.506870 -170.206715
39.631619 285.591810 -173.162309
39.811038 279.405622 -176.523979
39.877990 298.646941 -168.542756
40.361486 296.954752 -185.903594
40.403167 271.495612 -167.551817
40.650799 297.840840 -174.721964
40.743576 285.639616 -175.791112
41.250478 289.762224 -176.831387
41.293166 302.905527 -180.645381
41.457678 281.430521 -165.572665
41.480857 279.827901 -180.806090
41.620661 278.017408 -184.955447
41.804610 273.762113 -173.885535
41.976825 297.171874 -175.041709
42.136879 312.605076 -169.657720
42.172523 297.754820 -174.172838
42.356593 291.904048 -174.994999
42.544597 277.384615 -172.120383
42.620353 277.268639 -173.126276
42.915544 291.909638 -166.771924
43.305670 309.885626 -175.987105
43.584693 290.791943 -181.773106
43.725029 305.755644 -179.504435
43.869872 292.133393 -166.869477
43.888158 285.272539 -173.819920
44.167356 230.222837 -137.649220
44.613774 296.144769 -190.858803
44.843343 279.334070 -172.299840
44.910107 278.963309 -176.648699
45.233974 304.868973 -175.022572
45.434899 268.440456 -180.855430
46.200366 291.830437 -173.051307
46.407891 305.792859 -173.398489
46.609964 294.934216 -174.081559
46.746808 283.578432 -188.449654
47.345660 294.851612 -182.678172
47.573682 293.065783 -181.700332
47.844080 291.111881 -187.333987
48.288560 314.953935 -165.304451
48.849912 282.654941 -161.565509
48.889787 293.067280 -170.920193
49.384291 272.237981 -168.397419
49.408598 291.061735 -175.304398
49.724059 303.663834 -184.810121
49.874049 296.530721 -184.136290
50.135223 288.950194 -171.226696
50.208117 308.581649 -182.735053
50.267531 300.115596 -184.091439
50.433549 307.425343 -185.176359
50.443512 281.425169 -177.600802
50.694296 290.964718 -177.888781
50.728792 314.958038 -183.047333
50.857747 287.549662 -171.421106
50.985202 307.891386 -162.077511
51.042191 317.797952 -166.431587
51.275963 292.562537 -179.603229
51.302649 295.904896 -185.146856
51.407952 309.727872 -188.126474
51.658726 289.005735 -172.200152
51.750160 293.875947 -189.813415
51.773788 312.368200 -189.544141
52.077683 293.991215 -167.023811
52.234199 294.420338 -180.780876
52.389691 313.708523 -191.712567
