0.211933 220.323828 -131.356967
0.243558 222.293395 -133.266976
0.246482 223.248973 -132.117199
0.266354 223.337244 -131.902987
0.383372 224.753679 -130.958354
0.400164 228.449712 -131.221562
0.441910 230.338219 -133.120697
0.500496 228.256755 -134.039674
0.579226 227.505046 -132.946830
0.772527 228.338012 -132.025223
0.803669 229.566962 -132.177218
0.943349 230.846881 -133.026974
0.985509 229.617595 -131.503778
1.078265 224.983467 -129.565415
1.109158 220.031784 -131.140784
1.140952 219.690183 -132.077409
1.170323 221.525139 -131.488143
1.203133 223.929857 -132.306376
1.353367 225.953778 -132.115221
1.374962 226.854235 -132.029492
1.611211 228.139789 -132.921109
1.622148 229.298960 -132.546589
1.692582 229.730983 -133.225784
1.797550 230.089154 -134.171530
1.831012 232.088271 -132.794665
1.854547 231.110410 -132.828559
1.941087 229.821272 -133.402310
1.948881 233.178393 -131.403083
2.080681 230.587480 -131.620608
2.321186 228.632309 -131.442935
2.618181 234.546725 -130.288266
2.618291 235.794922 -131.659055
2.621205 236.583325 -133.563446
2.918388 236.394225 -134.515736
3.387612 233.451006 -131.497320
3.448984 235.281906 -129.401897
3.727155 238.829343 -131.719601
4.465237 238.099556 -132.350624
4.545405 235.304568 -131.406365
4.730043 236.437239 -131.863089
5.118520 238.936520 -129.584685
5.714748 239.913427 -124.584192
6.040383 239.370641 -125.064323
6.184913 237.885772 -131.147435
6.452933 242.663394 -134.278905
6.578064 246.223841 -133.425137
7.118551 244.169002 -131.442446
8.040327 241.783858 -129.506259
8.100198 239.556978 -128.864938
8.526006 239.685981 -130.595759
8.857135 242.814395 -133.781656
8.942351 251.820613 -133.583610
9.099917 252.440833 -133.762047
9.192192 246.202755 -135.429080
9.276049 241.901840 -136.297495
9.344541 242.600924 -132.761121
9.363685 245.370875 -127.515577
9.396994 245.267095 -125.073264
9.401437 246.951146 -128.476288
9.415956 246.177735 -132.865854
9.480358 244.271333 -133.714155
9.620767 246.364685 -133.744607
9.660874 245.227775 -132.895201
9.742528 244.423841 -131.943795
9.768819 250.519785 -133.507948
9.777078 255.085468 -133.684289
9.808940 256.326711 -132.720440
9.828163 251.082867 -133.886344
9.918176 248.793633 -133.671470
10.008840 247.186809 -128.956592
10.109177 242.877024 -130.315033
10.140991 241.552562 -134.627136
10.401762 242.182061 -129.281789
10.484336 247.534555 -126.809793
10.535544 252.658415 -129.734021
10.573585 254.099177 -133.448702
10.577121 250.348488 -136.941543
10.706763 252.886713 -137.844215
10.739228 255.074732 -136.073849
10.984141 254.502878 -130.964669
11.008131 256.540147 -129.589334
11.043422 253.342782 -133.581784
11.182584 252.695483 -131.648287
11.229552 255.011118 -129.393545
11.354042 259.087895 -130.137110
11.375463 257.392119 -131.323822
11.379704 258.268275 -136.480646
11.423180 263.326937 -137.192539
11.441108 261.699666 -133.524991
11.480969 259.263013 -135.603561
11.489323 259.132911 -137.479651
11.517931 258.979848 -134.882177
11.603026 258.970654 -133.299827
11.624025 262.844189 -137.310947
11.668825 266.184674 -140.397837
11.744211 265.850056 -142.923543
11.778024 266.763652 -143.657900
11.787739 273.758606 -135.980898
11.915176 273.791425 -135.734628
12.013981 262.275820 -138.186964
12.034625 253.478762 -134.895033
12.093104 254.728735 -132.643014
12.120475 255.089628 -134.546197
12.201311 253.577229 -137.270909
12.217421 258.564719 -136.807412
12.245640 267.629463 -136.108963
12.330072 271.729332 -134.256310
12.393981 265.344253 -136.513951
12.479822 256.765354 -136.034641
12.497750 256.512507 -134.117348
12.504338 258.827180 -139.147517
12.538256 259.029161 -143.936675
12.555860 259.478001 -138.450288
12.575456 265.149431 -130.647694
12.697207 270.298742 -134.137928
12.787298 267.194987 -138.258463
12.859229 266.116955 -142.208286
12.871114 264.741035 -145.087100
13.440684 265.720120 -142.050920
15.098663 272.417716 -138.902650
15.320485 271.304405 -137.109816
15.339053 265.094400 -138.736516
15.450796 264.032072 -137.969043
15.664892 266.982292 -134.306922
15.761845 271.343975 -135.608429
16.001128 269.380172 -135.638159
16.233736 266.483551 -135.905430
16.245257 270.578676 -136.217220
16.402380 277.010387 -134.492643
16.451081 279.582607 -136.870456
16.533534 278.910994 -142.207595
16.569198 275.044009 -140.978741
16.641348 272.423740 -133.645602
16.693444 275.038408 -134.241328
16.784721 276.810421 -141.003364
16.838969 275.660654 -143.273482
17.368608 270.611664 -145.600298
17.439709 266.788072 -148.104538
17.848920 273.514310 -144.349147
18.144238 275.389019 -143.317083
18.257804 268.470316 -145.023846
18.261996 267.404863 -142.078552
18.294673 276.945777 -137.678504
18.353661 283.726582 -136.305451
18.466573 282.800914 -136.822832
18.573601 280.741892 -143.808110
18.579078 277.726015 -150.451536
18.787549 280.045434 -147.280861
18.799453 284.863605 -145.363524
18.953456 287.729288 -143.644591
18.953543 278.732396 -150.845670
19.022095 271.600364 -151.275769
19.135766 276.107808 -140.926729
19.234909 279.123560 -140.547492
19.365409 273.799485 -138.493606
19.676545 270.834169 -146.934240
19.857128 273.231556 -151.323630
19.966440 271.414888 -147.248169
20.268479 262.165413 -156.230392
21.312873 260.881402 -162.780419
21.391340 264.837881 -167.968628
21.426994 265.073158 -168.745605
21.488523 264.683516 -161.236125
21.562191 268.893716 -158.106493
22.067913 267.160510 -153.268187
22.100015 259.271081 -156.678695
22.770508 263.976849 -166.348275
22.839767 267.097146 -170.228698
22.992876 264.825358 -172.279205
23.488237 260.753122 -168.519556
23.496828 258.078194 -163.199269
23.546114 257.926476 -161.549189
25.615310 267.641001 -165.166624
26.174290 270.810806 -169.617971
26.332562 263.244673 -167.981623
26.567216 265.867184 -168.140073
26.610645 272.370660 -164.882411
26.731633 277.544379 -160.716539
26.789859 280.647824 -159.707295
26.823265 273.688006 -158.747566
27.023039 262.372620 -164.463513
27.037587 253.898781 -168.120860
27.168392 249.937938 -163.160702
27.173600 262.960742 -158.135337
27.366233 277.881465 -162.241571
27.432375 280.669281 -167.226599
27.571943 279.517597 -167.205663
27.680813 280.871748 -166.080260
27.900892 287.802970 -164.796001
27.909965 274.450157 -164.534263
28.007666 263.612644 -165.707494
28.167426 264.259398 -163.299952
28.222521 260.499275 -160.957219
28.603990 271.090533 -162.897397
28.860358 285.367000 -165.303731
28.862916 285.755341 -160.893059
29.150567 278.466037 -160.363853
29.224441 278.144418 -165.587915
29.282326 275.834546 -164.756200
29.327866 268.138219 -167.201062
29.412935 269.291759 -169.078658
29.730188 276.676376 -168.906085
29.815134 280.528304 -172.318378
30.064451 278.657509 -167.820193
30.102727 270.921608 -163.417700
30.390410 268.238826 -167.954800
30.486305 270.964943 -176.823309
30.562257 268.838772 -171.562923
30.605002 278.667803 -156.986974
30.620248 279.722200 -162.105624
30.768342 275.021795 -174.475940
30.803290 287.846473 -174.396596
30.930598 281.288354 -168.288945
30.931225 266.556902 -167.361063
31.139978 265.685420 -166.401836
31.274487 265.452806 -166.522090
31.313291 266.742131 -169.744594
31.330078 276.052549 -174.606425
31.496153 280.166392 -175.562460
31.913087 280.845710 -170.078527
32.350950 285.816217 -167.242096
32.378928 291.582955 -170.449680
32.449977 296.270486 -174.211029
32.685970 291.911997 -177.591130
32.885422 284.421704 -177.238171
33.350530 274.071051 -172.329432
33.717451 277.524623 -172.493136
34.340414 286.350510 -166.963617
34.474405 287.285401 -166.075458
35.067123 287.108527 -169.119549
35.071289 289.376224 -170.180056
35.705682 290.469215 -175.737566
36.140292 284.238015 -173.863321
36.258391 275.742135 -171.703478
36.346329 272.310652 -171.508385
36.884089 288.781191 -169.305015
36.920122 303.752938 -170.849626
37.027496 300.988756 -173.023005
37.351526 293.927336 -172.449221
38.074789 294.410265 -166.773622
38.856426 297.313230 -168.468563
38.934016 297.158748 -178.107020
39.037810 297.368792 -175.563018
39.145062 290.826800 -167.425210
39.200603 280.447841 -170.277171
39.261569 279.589869 -173.892263
39.432305 277.142694 -170.577350
39.519555 274.895319 -172.944084
39.708741 286.830462 -178.094952
39.863571 287.634643 -177.659256
39.992129 281.005320 -173.940454
40.275754 290.294631 -178.918350
40.384174 286.058185 -177.664879
40.453933 278.425004 -171.826683
40.519479 289.760628 -173.874599
41.091462 291.479787 -169.968324
41.396259 286.948215 -170.135962
41.649921 293.010077 -175.445425
41.692281 286.753973 -175.545426
41.915672 287.413284 -177.831361
41.932314 290.166027 -183.654849
41.992322 279.463120 -184.763858
42.044630 276.142776 -178.184980
42.435871 275.293794 -171.588009
42.540752 283.418464 -167.279250
42.630702 293.323680 -168.722820
42.857675 298.014156 -173.864490
42.978323 307.944928 -172.840982
43.280137 306.234418 -168.470573
43.667664 302.514473 -170.439176
43.861356 300.161281 -178.877699
43.882540 287.355191 -179.904940
43.902384 291.974044 -177.973201
44.607236 291.744166 -178.249144
44.729260 278.783565 -174.629543
44.910753 284.316707 -180.752058
45.222809 300.178800 -184.057685
46.108998 309.132404 -175.595436
46.243980 302.950793 -171.801788
46.291080 293.906496 -171.906466
46.797118 287.257335 -180.461793
47.107149 285.660323 -186.811918
47.312222 292.228552 -184.645246
47.919308 293.758731 -185.692408
48.132132 303.803945 -176.924174
48.368710 306.907429 -166.222741
48.905774 290.085393 -162.622702
49.214137 283.764970 -165.724869
49.266351 278.523069 -171.271408
49.298961 285.077037 -177.700655
49.818677 300.298834 -186.628959
50.016318 306.117281 -176.416854
50.039757 307.411217 -172.186425
50.063498 295.859976 -176.249640
50.150267 282.613279 -174.773441
50.452600 293.942861 -180.086262
50.615619 312.477868 -184.100495
50.653687 312.991260 -185.563915
50.921379 300.809999 -179.371487
50.927864 288.223256 -173.594611
51.157872 285.971441 -173.118684
51.290202 296.796957 -179.081440
51.439546 302.566660 -184.814604
51.582028 307.333399 -174.925576
51.678917 317.351337 -176.469691
51.863404 307.775163 -186.972441
51.945734 294.315685 -189.919294
52.669149 290.281343 -180.374906
52.741371 291.371072 -172.494393
