0.211933 62.277752 -60.394508
0.243558 -19.980595 112.874654
0.246482 37.336539 25.580490
0.266354 23.740538 17.549953
0.383372 255.685682 -155.366342
0.400164 -43.513590 -14.368955
0.441910 -35.719377 -2.140320
0.500496 34.308455 30.196443
0.579226 -3.332191 -7.795698
0.772527 80.444987 25.758400
0.803669 -3.162695 -15.501573
0.943349 -54.328309 135.880425
0.985509 -63.177077 -29.970816
1.078265 -57.684187 -33.739747
1.109158 75.118641 18.562796
1.140952 -12.893685 33.350012
1.170323 99.654617 -97.023088
1.203133 -3.101536 26.530174
1.353367 84.984517 -190.274807
1.374962 4.579038 9.443789
1.611211 111.265561 -95.149118
1.622148 -4.252394 -10.365706
1.692582 13.395817 -8.009414
1.797550 84.398412 116.192323
1.831012 -233.031961 -211.192878
1.854547 46.710483 46.463878
1.941087 435.679176 44.452556
1.948881 -79.960366 -14.290659
2.080681 35.848695 11.626470
2.321186 13.083886 -1.366368
2.618181 -45412.743071 -25360.267048
2.618291 2435.148795 4.699934
2.621205 -23.479320 -3.809446
2.918388 3.897416 15.101459
3.387612 58.314917 -80.199423
3.448984 7.196498 -0.953975
3.727155 -6.878329 1.265343
4.465237 10.200299 13.428693
4.545405 17.036984 -14.713428
4.730043 1.899963 19.590920
5.118520 -0.041900 1.998189
5.714748 -2.824487 -12.628146
6.040383 -8.439242 -43.548253
6.184913 43.508432 13.851861
6.452933 -57.766619 -13.107120
6.578064 4.409407 7.022077
7.118551 -5.113622 -1.510674
8.040327 27.475084 32.797746
8.100198 -1.816625 -12.056141
8.526006 18.600387 0.283004
8.857135 116.386567 19.900908
8.942351 -79.865184 -19.343998
9.099917 25.442129 -6.453153
9.192192 -76.326696 -6.579739
9.276049 132.928388 109.793234
9.344541 -282.684542 37.423853
9.363685 97.428672 65.637165
9.396994 130.608987 -1931.538017
9.401437 -192.315366 201.833842
9.415956 -1.930928 -39.903346
9.480358 37.929442 12.584411
9.620767 -226.696016 -21.145302
9.660874 102.296710 23.525811
9.742528 156.204688 -209.774668
9.768819 206.894555 749.241712
9.777078 -3.733018 -139.387948
9.808940 -476.129272 75.350559
9.828163 93.596478 -3.158562
9.918176 -123.430477 103.579598
10.008840 24.455999 -144.706063
10.109177 -119.754879 242.848233
10.140991 16.193052 20.542673
10.401762 61.547505 -48.992841
10.484336 41.086354 -42.621041
10.535544 -16.795118 -71.989504
10.573585 -1620.295708 -734.695555
10.577121 107.742851 11.618270
10.706763 -343.600859 33.768475
10.739228 38.401399 29.873627
10.984141 -177.311954 -297.535195
11.008131 -82.378360 -7.540478
11.043422 27.642342 51.072637
11.182584 13.340218 -86.734788
11.229552 47.928043 13.559932
11.354042 -514.405006 -140.593741
11.375463 3495.966609 -1545.676085
11.379704 -114.264742 172.279428
11.423180 -28.280717 -66.837547
11.441108 -53.522523 -142.250982
11.480969 406.314316 411.232657
11.489323 -143.078519 84.484519
11.517931 45.712739 -13.635320
11.603026 175.860660 -348.049462
11.624025 21.532616 82.770304
11.668825 -31.559485 -105.256469
11.744211 167.724710 195.129473
11.778024 867.449455 815.908116
11.787739 -89.046629 -94.590346
11.915176 -98.128338 86.582162
12.013981 -54.759167 3.922465
12.034625 96.704058 44.064291
12.093104 -326.791099 -247.942158
12.120475 53.920429 39.746807
12.201311 358.301572 -58.173055
12.217421 325.493293 50.120822
12.245640 -54.601157 20.295791
12.330072 -117.196870 -111.011207
12.393981 -47.649187 112.713822
12.479822 416.695391 -356.899654
12.497750 -768.196529 -707.270876
12.504338 90.549101 -57.306351
12.538256 -131.452300 811.360535
12.555860 687.042202 -159.855857
12.575456 -48.236164 -59.409737
12.697207 -15.847626 32.699230
12.787298 39.645008 -118.913418
12.859229 -406.081912 324.482436
12.871114 12.855420 3.881240
13.440684 3.114866 0.679031
15.098663 -48.257745 4.164426
15.320485 28.720030 -229.834304
15.339053 9.081034 66.822996
15.450796 19.375404 -2.370814
15.664892 22.693081 -38.422420
15.761845 -33.520910 22.285890
16.001128 19.104579 -24.374036
16.233736 461.861960 456.892515
16.245257 30.765251 -10.713789
16.402380 -45.422971 -82.645951
16.451081 18.644960 -61.544297
16.533534 -205.114730 274.769426
16.569198 64.454473 37.664803
16.641348 23.868830 -154.250298
16.693444 0.168125 -39.300457
16.784721 -55.967836 56.788220
16.838969 -11.255925 -15.035586
17.368608 11.450277 40.347261
17.439709 32.441696 11.455328
17.848920 -49.040269 -19.404694
18.144238 5.218323 18.713055
18.257804 392.849050 1201.919549
18.261996 510.866300 63.405966
18.294673 -149.279924 -15.220278
18.353661 48.688697 5.230117
18.466573 -60.645272 -123.818852
18.573601 472.569012 703.664057
18.579078 17.238430 20.438941
18.787549 348.300300 -373.516230
18.799453 -3.977586 42.213630
18.953456 -199288.588961 -244739.438247
18.953543 132.887897 361.759259
19.022095 16.783321 -47.547479
19.135766 -7.007220 1.229226
19.234909 -89.017797 45.594792
19.365409 29.004714 -72.915457
19.676545 -20.710098 106.474337
19.857128 -21.314477 -95.527967
19.966440 -50.590251 -37.867361
20.268479 16.155804 2.784922
21.312873 -138.431626 -155.675556
21.391340 217.689599 294.926921
21.426994 -137.591791 36.160047
21.488523 233.973283 -16.943918
21.562191 -45.138663 20.709934
22.067913 279.042464 -572.369288
22.100015 6.691032 3.907192
22.770508 -36.485237 -78.818050
22.839767 -21.974751 6.035769
22.992876 -5.567331 11.029024
23.488237 -79.236688 198.602306
23.496828 12.869714 -18.705163
23.546114 8.535511 -2.771985
25.615310 -30.093604 -0.437502
26.174290 13.975676 34.089158
26.332562 36.915106 -33.313127
26.567216 47.548305 326.452187
26.610645 42.997386 -63.074416
26.731633 2.223406 142.595877
26.789859 -402.664782 -163.994725
26.823265 -19.265753 -27.412087
27.023039 -567.481176 119.460664
27.037587 10.205598 68.356057
27.168392 4407.685109 -541.461128
27.173600 -12.889625 -38.362307
27.366233 36.659448 14.922495
27.432375 -10.593858 9.155797
27.571943 71.474526 -3.844496
27.680813 30.104547 7.902070
27.900892 -3951.063137 -211.513257
27.909965 235.987650 -2.741857
28.007666 -116.289452 36.806564
28.167426 125.387841 -46.946849
28.222521 37.756066 -5.130996
28.603990 27.455450 -4.078644
28.860358 -4557.137625 4300.979298
28.862916 4.611938 -44.449839
29.150567 54.029773 38.699282
29.224441 -157.456583 33.543664
29.282326 -121.558098 -182.052943
29.327866 128.217868 63.997070
29.412935 3.054978 -15.534424
29.730188 25.578049 -33.385603
29.815134 -25.786273 52.763847
30.064451 -168.223424 -199.709071
30.102727 18.450184 -10.530449
30.390410 -2.761778 -115.098279
30.486305 -90.801541 336.513315
30.562257 643.963219 -34.415440
30.605002 -2027.343724 -1046.557668
30.620248 156.319460 -17.098842
30.768342 177.333591 270.193191
30.803290 -206.016112 -0.600578
30.930598 4780.235026 -3994.844248
30.931225 11.793591 22.971655
31.139978 -46.503713 -36.178102
31.274487 176.534169 -24.589092
31.313291 596.770711 -411.403931
31.330078 -40.204476 40.616407
31.496153 19.644492 7.543821
31.913087 8.096706 -2.811381
32.350950 240.903340 -205.151620
32.378928 22.700620 13.529477
32.449977 -43.651011 -25.731473
32.685970 -0.711910 37.163118
32.885422 -35.958930 1.839652
33.350530 73.529199 -11.543999
33.717451 -23.365710 26.172698
34.340414 83.031670 -125.904802
34.474405 -17.181608 20.130412
35.067123 3821.549526 -2762.848484
35.071289 -22.631602 1.064543
35.705682 4.997621 12.565323
36.140292 -130.086725 -31.018663
36.258391 131.147950 30.131548
36.346329 37.920971 3.788927
36.884089 -25.194478 -166.254786
36.920122 -84.756119 28.740035
37.027496 4.955388 -2.786657
37.351526 6.668034 15.759513
38.074789 -0.073817 -22.730521
38.856426 -25.540926 8.840543
38.934016 29.532571 91.255089
39.037810 -149.180717 30.279188
39.145062 -23.538277 -243.539001
39.200603 53.066779 155.884451
39.261569 -64.826111 -5.204449
39.432305 67.607752 -72.404478
39.519555 92.682947 -12.579393
39.708741 -150.072591 35.171482
39.863571 92.469503 2.301649
39.992129 40.063385 -44.923141
40.275754 -234.818882 169.265104
40.384174 202.755441 -118.110974
40.453933 186.147986 16.311461
40.519479 -28.690205 15.995743
41.091462 27.335246 -36.938417
41.396259 29.210687 7.055358
41.649921 -552.635767 27.293873
41.692281 130.459706 -30.260270
41.915672 -1495.456860 -258.979696
41.932314 30.170870 69.146740
41.992322 -48.926602 146.818550
42.044630 0.296431 2.571032
42.435871 138.491242 50.995767
42.540752 -0.062146 -91.417791
42.630702 25.777336 3.622278
42.857675 123.087905 37.424028
42.978323 -67.828881 9.238291
43.280137 45.808957 -23.527690
43.667664 -98.577550 -29.872172
43.861356 -260.546691 375.434756
43.882540 1032.231210 -286.467010
43.902384 -38.011251 4.051536
44.607236 3.038434 35.639480
44.729260 92.624373 -102.257043
44.910753 27.957246 50.748174
45.222809 1.042538 1.832660
46.108998 -103.438692 2.572050
46.243980 65.897844 -21.873774
46.291080 -22.440571 -28.393309
46.797118 30.601361 21.769876
47.107149 8.708255 -4.768249
47.312222 -6.160134 -7.669122
47.919308 112.026907 103.510415
48.132132 -92.513590 -23.737409
48.368710 -19.387495 17.418172
48.905774 27.262651 -44.554270
49.214137 -360.518068 132.284484
49.266351 963.681042 -503.299297
49.298961 -13.725003 1.296536
49.818677 57.481483 111.610661
50.016318 -331.743115 -939.193278
50.039757 -529.302435 533.699908
50.063498 -70.583735 -71.219948
50.150267 110.913548 -18.014985
50.452600 -39.114327 1.915602
50.615619 -30.375288 -64.131248
50.653687 -69.016377 52.110821
50.921379 310.658201 -1027.354860
50.927864 -8.517022 24.732306
51.157872 156.593812 -120.352624
51.290202 -114.938133 57.071179
51.439546 177.113029 92.444266
51.582028 -56.041421 -238.548683
51.678917 -89.238178 23.835171
51.863404 -24.644064 -56.681064
51.945734 0.159338 31.502785
52.669149 5.941770 -190.484346
52.741371 127.923588 -72.501436
