0.08152824342687759 0.0 0.0 true
0.1489534902437193 0.0 0.0 true
0.19072747738598883 -44.679524727806346 -2.345812185152972 true
0.3281933285060794 -30.50595769676908 -4.0883162676458245 true
0.46036063762063884 10.987173326807245 -3.372256789619907 true
0.5057331663919535 11.138394015325023 8.681006237763969 true
0.5644940535086045 11.65674549820282 6.603751020571567 true
0.6731684293771842 10.528578106735402 3.891849532690028 true
0.745354373848401 4.548995115130302 2.490077061513738 true
0.8041142231920183 6.664232898686066 1.9618933737970123 true
0.81435791704626 7.212909649074582 1.1036793641518812 true
0.9244813787596953 5.815829917086189 0.3217972947112404 true
0.9268211598525876 4.365074225328282 1.104683508015247 true
1.006902563000836 2.302852109741994 1.2792956242134417 true
1.0483700753987395 2.2099898534790867 0.5139335790260909 true
1.2235723976593345 3.0552943920987357 -0.13107379112895534 true
1.2407782611795612 5.0043098953174106 0.27639937600121034 true
1.403559789564674 4.810162724766776 0.12311477870486204 true
1.4782902193482765 3.484903885185906 0.6903322213677445 true
1.5096811018763439 1.5196059027479616 0.5716049649085295 true
1.607303510141576 1.7209327412042548 0.25987675251960135 true
1.6334006991520633 0.7442047313325473 0.4905223073036131 true
1.7115878647307436 0.5155610115533331 0.19365458763855647 true
1.7346789951897699 1.158436936805945 0.2862379880443694 true
1.748427685556563 0.5598901576619367 0.327362064211404 true
1.7832227831771674 0.6304275598079186 -0.043720912876601736 true
1.8817124331304396 0.7182492916894064 0.018052051625459753 true
1.9978586943427805 1.2856733312684305 0.19520186703895534 true
2.2072558621392653 1.664241723901428 0.07171462865401414 true
2.2956070552541465 1.9861715159500024 -0.15381871147782367 true
2.6047925495304622 2.8698716023426702 -0.22648090448407182 true
2.6082726242216525 2.9985296709387232 0.02253555893321829 true
2.683313209498128 2.3741082883565845 -0.03252151495965838 true
2.8533008343180852 2.8188765641076348 0.10513741222335696 true
3.3793677377938964 3.3373485672002188 0.07283359159591096 true
3.4230979076942436 3.52566026425531 0.060543771652690495 true
3.5661094252639884 3.404786568213989 0.3838531881456477 true
4.088087525424354 3.404786568213989 0.3838531881456477 false
4.181714759270863 3.3141373174819564 0.3658388662649437 true
4.697050801733855 3.273241632235567 0.40925216493729843 true
4.8759120948784185 3.3193708968778033 0.282545033622011 true
5.245927990424055 3.361013501322431 0.5707379240054361 true
5.91977422128763 3.3333204535352245 0.8468427833910814 true
6.044016413770909 3.10264693533295 0.5539856163602035 true
6.646743924058751 3.4017149423842663 0.49931680778112336 true
6.877636519837799 3.1535402502941237 0.5445668463195891 true
6.907658315704232 3.059953871449696 0.4287188247663727 true
7.867037159921937 3.0601910927587603 0.45682021133559214 true
8.085082336587979 3.04189428113405 0.334568120404139 true
8.109615978476654 3.04189428113405 0.334568120404139 false
8.180214881390196 2.8261376845715227 0.32449279327486824 true
8.305387335476148 2.8261376845715227 0.32449279327486824 false
8.770823755965404 2.6825225266790476 0.24366121405870492 true
8.830010941428856 2.6825225266790476 0.24366121405870492 false
8.842444309744195 2.55588595232601 0.28665062575051864 true
8.962846618197691 2.750305664780993 0.25558701066857864 true
9.028910947073129 2.7709600279130084 0.2449091947634994 true
9.041992388260397 2.7305536437486615 0.1996671926627042 true
9.06445095133006 2.706629033837978 0.13184229550231902 true
9.223925935862624 2.7760737107070685 0.061969530710818135 true
9.291719625786838 2.7592026663695934 0.030093123885601043 true
9.371092661844301 2.735895508994329 0.10181012885556184 true
9.427246833492358 2.7916581041848967 0.07724145590250073 true
9.452396690432849 2.7870764868600117 0.10765632127647777 true
9.497226414471623 2.695224100110533 0.06218054890593207 true
9.544902068987154 2.620539250114693 0.05023504665920705 true
9.581758091129979 2.6311528562802673 0.0468734241561958 true
9.616461002860593 2.5973675123285433 0.05041269237872745 true
9.674077993627996 2.5610839008191246 0.025391509952499083 true
9.736852943202484 2.531177332177012 0.010555915526833031 true
9.768244194506 2.576499915637425 -0.009628400586131385 true
9.933944056738863 2.617967455962235 0.0025071139730295806 true
9.996966822045025 2.577479489966743 0.03089722119942615 true
10.030144605515536 2.5344986526261044 0.08036142346626135 true
10.040275619003046 2.4861047016284528 0.08310882875691054 true
10.07037901040785 2.506322418300106 0.06394585780828477 true
10.094239309368731 2.4842467244749593 0.022437346814890034 true
10.343732637015123 2.4941882523280343 0.0345236804554531 true
10.457730151902998 2.476314462171675 0.003866236951608995 true
10.561546264917448 2.535024801885114 -0.016645328641735853 true
10.687290540487574 2.5284617593935117 -0.029973233546056195 true
10.704366572807176 2.5394709805194804 -0.028003710940138767 true
10.7168188885128 2.512613314323306 0.0057377614223151074 true
10.856265889677708 2.5520062770277385 0.028894433551473798 true
10.945307971506619 2.5520062770277385 0.028894433551473798 false
11.0588881842626 2.5520062770277385 0.028894433551473798 false
11.128353014293237 2.6018240040306058 0.010853131136513868 true
11.203944015202822 2.6018240040306058 0.010853131136513868 false
11.221409055198361 2.628234381463847 0.005435509628642618 true
11.227707418270246 2.6458599599245023 0.006877998119846776 true
11.233240251364323 2.67189917587685 -0.024201500578413936 true
11.350417196227841 2.7053928027578067 -0.02872781045643224 true
11.379286824273446 2.73824636717216 -0.027916528337550824 true
11.391228571836521 2.7711219612995057 -0.03621221476433724 true
11.442455936225405 2.7621311132858013 -0.04589691899175337 true
11.590701817894486 2.7682711393953356 -0.026938984989765477 true
11.607960600861706 2.75510618302524 -0.029908202600776444 true
11.626823096543667 2.784863699705865 -0.02113014899858215 true
11.73249533585508 2.784863699705865 -0.02113014899858215 false
11.73693284563036 2.7845736821375704 -0.029519387931535915 true
11.763850253432127 2.7845736821375704 -0.029519387931535915 false
11.941694577999389 2.7845736821375704 -0.029519387931535915 false
11.944211792254169 2.7845736821375704 -0.029519387931535915 false
11.975755770637353 2.7845736821375704 -0.029519387931535915 false
12.085327543760748 2.7845736821375704 -0.029519387931535915 false
12.112193831845435 2.8149538414076574 -0.04781102363767244 true
12.152223509440594 2.816947929363578 -0.04240848727489961 true
12.200664712619583 2.8227535825896815 -0.053895550915559934 true
12.244941984789044 2.8555724764557984 -0.06954312991888628 true
12.336037012873945 2.8786830139986574 -0.08303843948980892 true
12.336669035364533 2.884776409048272 -0.11388468797134815 true
12.347179492188003 2.883248534479791 -0.1194620383945924 true
12.408999926376731 2.883248534479791 -0.1194620383945924 false
12.536390230271405 2.8852877522535967 -0.12502161762473463 true
12.601643281471247 2.900477017938184 -0.12195074216079073 true
12.628200254701083 2.9193203923074718 -0.14919567110483534 true
12.816435383634692 2.9193203923074718 -0.14919567110483534 false
12.819455395457943 2.9048613622520967 -0.16645579600388935 true
12.858549940815267 2.932751777003391 -0.18619005129794539 true
12.861781646191686 2.932751777003391 -0.18619005129794539 false
12.960820760650853 2.932751777003391 -0.18619005129794539 false
12.977121371496477 2.9367662070620133 -0.17449093958794568 true
12.979921282783769 2.943142512408139 -0.19501458076211678 true
12.989181770749394 2.943142512408139 -0.19501458076211678 false
13.102171846607977 2.943142512408139 -0.19501458076211678 false
14.40517636150709 2.943142512408139 -0.19501458076211678 false
15.037702509748456 2.9634895008706557 -0.20583278040337036 true
15.254471104212747 2.9812288763409223 -0.23040540123250586 true
15.622611499429759 2.9998909892358094 -0.23088023258513302 true
15.645614590902433 2.9998909892358094 -0.23088023258513302 false
15.834588978072897 3.0286906847508863 -0.2327438153468616 true
15.870164521024474 3.0621023705288275 -0.24665401979278867 true
16.025027760055963 3.0621023705288275 -0.24665401979278867 false
16.061293490600438 3.0621023705288275 -0.24665401979278867 false
16.242891829936696 3.0621023705288275 -0.24665401979278867 false
16.315151177261296 3.0621023705288275 -0.24665401979278867 false
16.517311394331358 3.0621023705288275 -0.24665401979278867 false
16.568969369718328 3.0621023705288275 -0.24665401979278867 false
16.574037579095886 3.0621023705288275 -0.24665401979278867 false
16.713086821212272 3.0819929379608793 -0.26091865403601666 true
16.728895246284633 3.1067655735485014 -0.2609177283559517 true
16.828236675747206 3.1067655735485014 -0.2609177283559517 false
16.99882594829405 3.1095017138887835 -0.25657587859962694 true
17.379172404690383 3.1095017138887835 -0.25657587859962694 false
17.533143650480177 3.1095017138887835 -0.25657587859962694 false
17.53483683828459 3.1095017138887835 -0.25657587859962694 false
17.674444522221393 3.1095017138887835 -0.25657587859962694 false
18.10289246330098 3.1095017138887835 -0.25657587859962694 false
18.177357110594034 3.1095017138887835 -0.25657587859962694 false
18.287267212083528 3.1095017138887835 -0.25657587859962694 false
18.289887617478502 3.1095017138887835 -0.25657587859962694 false
18.5030431430712 3.1095017138887835 -0.25657587859962694 false
18.52724536663318 3.1095017138887835 -0.25657587859962694 false
18.547264253927228 3.1095017138887835 -0.25657587859962694 false
18.59156465483808 3.1272249330629567 -0.27148909688426914 true
18.750298717048498 3.1272249330629567 -0.27148909688426914 false
18.76681688246938 3.1272249330629567 -0.27148909688426914 false
18.90841549434129 3.1272249330629567 -0.27148909688426914 false
18.942008591395638 3.1386589357344103 -0.30103308384896593 true
19.0649031249204 3.1386589357344103 -0.30103308384896593 false
19.078343152706374 3.1386589357344103 -0.30103308384896593 false
19.11958223578405 3.1386589357344103 -0.30103308384896593 false
19.11962666658079 3.1633932946481664 -0.31648905581233067 true
19.20109329449122 3.1633932946481664 -0.31648905581233067 false
19.216751168733165 3.1714700809417598 -0.3210798264047678 true
19.332310602882547 3.1714700809417598 -0.3210798264047678 false
19.387746662007306 3.1714700809417598 -0.3210798264047678 false
19.553320843926112 3.1714700809417598 -0.3210798264047678 false
20.16168873527257 3.1714700809417598 -0.3210798264047678 false
21.01874567480109 3.1714700809417598 -0.3210798264047678 false
21.02717316380591 3.1714700809417598 -0.3210798264047678 false
21.25716021725802 3.1714700809417598 -0.3210798264047678 false
21.2853975671719 3.1714700809417598 -0.3210798264047678 false
21.439897542495636 3.1714700809417598 -0.3210798264047678 false
21.978368129723627 3.1714700809417598 -0.3210798264047678 false
22.21948195752542 3.175389059524515 -0.2968500924655392 true
22.3178460083116 3.175389059524515 -0.2968500924655392 false
22.6355943754575 3.175389059524515 -0.2968500924655392 false
22.795395413978355 3.175389059524515 -0.2968500924655392 false
22.844033025944622 3.175389059524515 -0.2968500924655392 false
22.96042246912934 3.175389059524515 -0.2968500924655392 false
22.99574982471842 3.175389059524515 -0.2968500924655392 false
23.613973895883422 3.175389059524515 -0.2968500924655392 false
23.72918489095286 3.175389059524515 -0.2968500924655392 false
23.78945816773359 3.175389059524515 -0.2968500924655392 false
23.852154520854235 3.175389059524515 -0.2968500924655392 false
24.341763102649065 3.1999618852681597 -0.3250762422796628 true
24.66423370137546 3.1999618852681597 -0.3250762422796628 false
25.009610561420793 3.1999618852681597 -0.3250762422796628 false
25.784162362819455 3.1999618852681597 -0.3250762422796628 false
26.013809109364576 3.1999618852681597 -0.3250762422796628 false
26.040222876203675 3.1999618852681597 -0.3250762422796628 false
26.14697915934949 3.1999618852681597 -0.3250762422796628 false
26.220250623251054 3.1999618852681597 -0.3250762422796628 false
26.311923910198857 3.1999618852681597 -0.3250762422796628 false
26.69082969828908 3.1999618852681597 -0.3250762422796628 false
26.840977933763153 3.1999618852681597 -0.3250762422796628 false
26.881985846634176 3.1999618852681597 -0.3250762422796628 false
26.927526465913413 3.1999618852681597 -0.3250762422796628 false
27.05512811730786 3.1999618852681597 -0.3250762422796628 false
27.081556375439213 3.1999618852681597 -0.3250762422796628 false
27.09368056968081 3.1999618852681597 -0.3250762422796628 false
27.146960652347264 3.1999618852681597 -0.3250762422796628 false
27.158834741414122 3.1999618852681597 -0.3250762422796628 false
27.171999045063924 3.1999618852681597 -0.3250762422796628 false
27.572070614766584 3.1999618852681597 -0.3250762422796628 false
27.70088010032599 3.1999618852681597 -0.3250762422796628 false
27.874124719035926 3.1999618852681597 -0.3250762422796628 false
27.944626950785317 3.1999618852681597 -0.3250762422796628 false
28.00727637042231 3.1999618852681597 -0.3250762422796628 false
28.188653930654247 3.1999618852681597 -0.3250762422796628 false
28.25224567780461 3.1999618852681597 -0.3250762422796628 false
28.365545269319874 3.1999618852681597 -0.3250762422796628 false
28.54716358304499 3.1999618852681597 -0.3250762422796628 false
28.663646723015127 3.1999618852681597 -0.3250762422796628 false
28.67728286735431 3.1999618852681597 -0.3250762422796628 false
28.755758610436 3.1999618852681597 -0.3250762422796628 false
28.93027561464605 3.1999618852681597 -0.3250762422796628 false
29.290501053958984 3.1999618852681597 -0.3250762422796628 false
29.295135257387262 3.1999618852681597 -0.3250762422796628 false
29.392812616876203 3.1999618852681597 -0.3250762422796628 false
29.48120706750507 3.1999618852681597 -0.3250762422796628 false
29.51652719703836 3.1999618852681597 -0.3250762422796628 false
29.751227596488665 3.1999618852681597 -0.3250762422796628 false
29.81994456211481 3.1999618852681597 -0.3250762422796628 false
29.82966205332519 3.1999618852681597 -0.3250762422796628 false
30.01029581301311 3.1999618852681597 -0.3250762422796628 false
30.093607596743635 3.1999618852681597 -0.3250762422796628 false
30.095310508889007 3.1999618852681597 -0.3250762422796628 false
30.202676168743313 3.1999618852681597 -0.3250762422796628 false
30.21890282697651 3.1999618852681597 -0.3250762422796628 false
30.242963829146902 3.1999618852681597 -0.3250762422796628 false
30.258439628352388 3.1999618852681597 -0.3250762422796628 false
30.3911766826049 3.1999618852681597 -0.3250762422796628 false
30.64034292872746 3.1999618852681597 -0.3250762422796628 false
30.734269783207882 3.1999618852681597 -0.3250762422796628 false
30.98182812809441 3.1999618852681597 -0.3250762422796628 false
31.100843191122504 3.1999618852681597 -0.3250762422796628 false
31.314569643529236 3.1999618852681597 -0.3250762422796628 false
31.55887197889497 3.1999618852681597 -0.3250762422796628 false
31.591114399691218 3.1999618852681597 -0.3250762422796628 false
31.66945598504365 3.1999618852681597 -0.3250762422796628 false
31.730697604434155 3.1999618852681597 -0.3250762422796628 false
31.778581702542727 3.1999618852681597 -0.3250762422796628 false
32.030951974027836 3.1999618852681597 -0.3250762422796628 false
32.19510406200051 3.1999618852681597 -0.3250762422796628 false
32.3999636668852 3.1999618852681597 -0.3250762422796628 false
32.622293632838186 3.1999618852681597 -0.3250762422796628 false
32.69732303585882 3.1999618852681597 -0.3250762422796628 false
33.135343533290325 3.1999618852681597 -0.3250762422796628 false
33.388087561392645 3.1999618852681597 -0.3250762422796628 false
33.726002324904655 3.1999618852681597 -0.3250762422796628 false
34.05256388117525 3.1999618852681597 -0.3250762422796628 false
34.40376852197428 3.1999618852681597 -0.3250762422796628 false
35.37792291540174 3.1999618852681597 -0.3250762422796628 false
35.42742100777591 3.1999618852681597 -0.3250762422796628 false
35.76285325523257 3.1999618852681597 -0.3250762422796628 false
35.87263039198217 3.1999618852681597 -0.3250762422796628 false
36.106807537461755 3.1999618852681597 -0.3250762422796628 false
36.14932998571051 3.1999618852681597 -0.3250762422796628 false
36.570732680833586 3.1999618852681597 -0.3250762422796628 false
36.77376883321192 3.1999618852681597 -0.3250762422796628 false
36.84375790897473 3.1999618852681597 -0.3250762422796628 false
36.86588724954064 3.1999618852681597 -0.3250762422796628 false
37.36705037785333 3.1999618852681597 -0.3250762422796628 false
37.45736169073892 3.1999618852681597 -0.3250762422796628 false
38.11304085740545 3.1999618852681597 -0.3250762422796628 false
38.44039308270864 3.1999618852681597 -0.3250762422796628 false
38.511151200313215 3.1999618852681597 -0.3250762422796628 false
38.94741407841696 3.1999618852681597 -0.3250762422796628 false
38.96839064569255 3.1999618852681597 -0.3250762422796628 false
39.12827319288187 3.1999618852681597 -0.3250762422796628 false
39.19818425833782 3.1999618852681597 -0.3250762422796628 false
39.21939737213328 3.1999618852681597 -0.3250762422796628 false
39.4233346027253 3.1999618852681597 -0.3250762422796628 false
39.44982287489126 3.1999618852681597 -0.3250762422796628 false
39.56470168953522 3.1999618852681597 -0.3250762422796628 false
39.631618505735325 3.1999618852681597 -0.3250762422796628 false
39.811037714452105 3.1999618852681597 -0.3250762422796628 false
39.87798993898553 3.1999618852681597 -0.3250762422796628 false
40.361486334736064 3.1999618852681597 -0.3250762422796628 false
40.403166547301055 3.1999618852681597 -0.3250762422796628 false
40.65079912384932 3.1999618852681597 -0.3250762422796628 false
40.743575570589016 3.1999618852681597 -0.3250762422796628 false
41.25047830618032 3.1999618852681597 -0.3250762422796628 false
41.293165947035455 3.1999618852681597 -0.3250762422796628 false
41.45767786332794 3.1999618852681597 -0.3250762422796628 false
41.480857088370215 3.1999618852681597 -0.3250762422796628 false
41.62066111182606 3.1999618852681597 -0.3250762422796628 false
41.80460963723271 3.1999618852681597 -0.3250762422796628 false
41.97682468457827 3.1999618852681597 -0.3250762422796628 false
42.13687887892527 3.1999618852681597 -0.3250762422796628 false
42.17252293747849 3.1999618852681597 -0.3250762422796628 false
42.3565929600599 3.1999618852681597 -0.3250762422796628 false
42.54459723124293 3.1999618852681597 -0.3250762422796628 false
42.62035337077311 3.1999618852681597 -0.3250762422796628 false
42.91554395274093 3.1999618852681597 -0.3250762422796628 false
43.30567007003023 3.1999618852681597 -0.3250762422796628 false
43.58469261499973 3.1999618852681597 -0.3250762422796628 false
43.72502890452669 3.1999618852681597 -0.3250762422796628 false
43.86987198938231 3.1999618852681597 -0.3250762422796628 false
43.888158057920045 3.1999618852681597 -0.3250762422796628 false
44.167355582985586 3.1999618852681597 -0.3250762422796628 false
44.61377446264055 3.1999618852681597 -0.3250762422796628 false
44.843342782566864 3.1999618852681597 -0.3250762422796628 false
44.910106850132195 3.1999618852681597 -0.3250762422796628 false
45.233974105122684 3.1999618852681597 -0.3250762422796628 false
45.43489880369298 3.1999618852681597 -0.3250762422796628 false
46.20036606156257 3.1999618852681597 -0.3250762422796628 false
46.40789080167861 3.1999618852681597 -0.3250762422796628 false
46.609963774481145 3.1999618852681597 -0.3250762422796628 false
46.74680816015736 3.1999618852681597 -0.3250762422796628 false
47.345660383388875 3.1999618852681597 -0.3250762422796628 false
47.573681950201724 3.1999618852681597 -0.3250762422796628 false
47.84408011358135 3.1999618852681597 -0.3250762422796628 false
48.288559643348485 3.1999618852681597 -0.3250762422796628 false
48.849911614351015 3.1999618852681597 -0.3250762422796628 false
48.88978667179252 3.1999618852681597 -0.3250762422796628 false
49.384291218914626 3.1999618852681597 -0.3250762422796628 false
49.40859833666452 3.1999618852681597 -0.3250762422796628 false
49.72405924575677 3.1999618852681597 -0.3250762422796628 false
49.874049191264206 3.1999618852681597 -0.3250762422796628 false
50.13522265994964 3.1999618852681597 -0.3250762422796628 false
50.20811714651927 3.1999618852681597 -0.3250762422796628 false
50.26753071545791 3.1999618852681597 -0.3250762422796628 false
50.43354908235305 3.1999618852681597 -0.3250762422796628 false
50.4435120397973 3.1999618852681597 -0.3250762422796628 false
50.69429605061589 3.1999618852681597 -0.3250762422796628 false
50.72879186455249 3.1999618852681597 -0.3250762422796628 false
50.8577466244474 3.1999618852681597 -0.3250762422796628 false
50.98520242212883 3.1999618852681597 -0.3250762422796628 false
51.042191454214446 3.1999618852681597 -0.3250762422796628 false
51.275962546225955 3.1999618852681597 -0.3250762422796628 false
51.30264898342742 3.1999618852681597 -0.3250762422796628 false
51.40795245776907 3.1999618852681597 -0.3250762422796628 false
51.65872612670663 3.1999618852681597 -0.3250762422796628 false
51.750159994057015 3.1999618852681597 -0.3250762422796628 false
51.77378750740232 3.1999618852681597 -0.3250762422796628 false
52.07768293518204 3.1999618852681597 -0.3250762422796628 false
52.23419858439144 3.1999618852681597 -0.3250762422796628 false
52.38969058971298 3.1999618852681597 -0.3250762422796628 false
