0.08152824342687759 230.25051268166035 -134.19644738904248 true
0.1489534902437193 225.28726935636814 -132.7767355342798 true
0.19072747738598883 222.26148858413916 -132.93559831199147 true
0.3281933285060794 221.7915282664408 -133.20527625143416 true
0.46036063762063884 226.44698937341616 -133.61457046227474 true
0.5057331663919535 227.9478884893579 -130.17426608802563 true
0.5644940535086045 228.63764821416206 -130.5192865982916 true
0.6731684293771842 228.8779974370677 -131.20000642388527 true
0.745354373848401 227.23034893574834 -131.43154213658516 true
0.8041142231920183 228.6500333405751 -131.52429844979596 true
0.81435791704626 229.34569912612884 -131.88463979669572 true
0.9244813787596953 228.6370180775506 -132.31130174452915 true
0.9268211598525876 228.37094491192187 -131.78666286286722 true
1.006902563000836 227.0897602194732 -131.67473311509346 true
1.0483700753987395 227.21189068872525 -132.08563379061817 true
1.2235723976593345 227.89046999492982 -132.5121825907535 true
1.2407782611795612 229.99950618534916 -132.20613094347658 true
1.403559789564674 229.9265965029196 -132.3269205676228 true
1.4782902193482765 229.47523277195228 -131.77856346234384 true
1.5096811018763439 227.79966143009798 -131.84393193263676 true
1.607303510141576 228.05006191414728 -132.1398411296105 true
1.6334006991520633 227.16968523087644 -131.86690621160633 true
1.7115878647307436 226.93970127334507 -132.17792961656318 true
1.7346789951897699 227.71410112614038 -132.05706882902268 true
1.748427685556563 227.04857037708823 -132.00289508391646 true
1.7832227831771674 227.1384313433967 -132.4306382797268 true
1.8817124331304396 227.26439645111228 -132.35898632705303 true
1.9978586943427805 228.0397929889214 -132.1372146160043 true
2.2072558621392653 228.68678030739844 -132.27687739342048 true
2.2956070552541465 229.5050235666768 -132.59095586307737 true
2.6047925495304622 231.02656328837458 -132.71522556815918 true
2.6082726242216525 232.14028074557265 -132.34706522918407 true
2.683313209498128 231.05025848912805 -132.4440173732994 true
2.8533008343180852 232.03734542514567 -132.1960874887111 true
3.3793677377938964 233.52612886611067 -132.24111996041145 true
3.4230979076942436 235.7287687125495 -132.2319753810245 true
3.5661094252639884 235.59166003639984 -131.4502034773733 true
4.088087525424354 236.07858373052122 -131.3953080504126 false
4.181714759270863 235.84958280399928 -131.44081638465732 true
4.697050801733855 236.05348864456033 -131.2936268143879 true
4.8759120948784185 237.8798785434515 -131.46609448330878 true
5.245927990424055 238.60583302704472 -130.50032254147075 true
5.91977422128763 239.7528799908123 -129.32620527143354 true
6.044016413770909 241.0601683375038 -129.94751225656358 true
6.646743924058751 242.69510965273716 -130.10708202114049 true
6.877636519837799 243.5787799416449 -129.5934155098947 true
6.907658315704232 243.8482010428352 -130.03550114973288 true
7.867037159921937 243.94123514481555 -129.8841744601528 true
8.085082336587979 246.77187686093583 -130.14908891902806 true
8.109615978476654 247.43514723686513 -130.0761379541077 false
8.180214881390196 246.15331621227105 -130.1359964571755 true
8.305387335476148 246.35283843228441 -130.11308762196694 false
8.770823755965404 245.49096972189787 -130.59817714844786 true
8.830010941428856 246.73951340459715 -130.4847683451643 false
8.842444309744195 245.9297576972188 -130.20987997541704 true
8.962846618197691 247.20673771447542 -130.40526936787506 true
9.028910947073129 247.67219690998388 -130.44393431138596 true
9.041992388260397 247.59035778482246 -130.7243571800995 true
9.06445095133006 247.46898534823177 -131.16709209539815 true
9.223925935862624 247.98693978693206 -131.62411673047177 true
9.291719625786838 248.3165817354849 -131.82787477759416 true
9.371092661844301 248.34626923729755 -131.34160420056443 true
9.427246833492358 248.9431197295091 -131.50081424504003 true
9.452396690432849 249.06850470702634 -131.28817354226365 true
9.497226414471623 248.5079371458429 -131.59770446073284 true
9.544902068987154 248.11372860874866 -131.67729438120836 true
9.581758091129979 248.3121885302523 -131.6981864752002 true
9.616461002860593 248.1743241064467 -131.6718578387132 true
9.674077993627996 248.01147268667958 -131.84456867218546 true
9.736852943202484 247.9494625721955 -131.9470670018117 true
9.768244194506 248.42765530707692 -132.08860313120312 true
9.933944056738863 248.8014332849484 -132.00318838103928 true
9.996966822045025 248.94536763312578 -131.7995217589671 true
10.030144605515536 248.79853463708224 -131.4416499538119 true
10.040275619003046 248.53349346418784 -131.4191630351499 true
10.07037901040785 248.70464988212572 -131.55667556976928 true
10.094239309368731 248.62036148401688 -131.85510143421274 true
10.343732637015123 248.75169458365144 -131.76696185066848 true
10.457730151902998 249.24209270105436 -131.9845602850481 true
10.561546264917448 249.96118831402518 -132.1367245403144 true
10.687290540487574 250.17516962847594 -132.23835560462948 true
10.704366572807176 250.57637850883197 -132.22722789614642 true
10.7168188885128 250.41635757710813 -131.9721920765177 true
10.856265889677708 250.7462101260365 -131.79661301786604 true
10.945307971506619 251.10207974832204 -131.79258377575692 false
11.0588881842626 251.10207974832204 -131.79258377575692 false
11.128353014293237 251.48321860609934 -131.93061177921956 true
11.203944015202822 251.66395386830897 -131.92985786830985 false
11.221409055198361 251.86695421778748 -131.97149979721527 true
11.227707418270246 252.04848861392884 -131.96030464261017 true
11.233240251364323 252.26560998645118 -132.19951954079707 true
11.350417196227841 252.53832329837758 -132.2345099775169 true
11.379286824273446 253.11012863986267 -132.2315843195781 true
11.391228571836521 253.44458733708368 -132.29683845107866 true
11.442455936225405 253.4077822268057 -132.37256225286612 true
11.590701817894486 253.5971512757476 -132.22710284005035 true
11.607960600861706 253.90402521153842 -132.25444222071246 true
11.626823096543667 254.18577507641632 -132.18587263162166 true
11.73249533585508 254.23830455592687 -132.1862711989659 false
11.73693284563036 254.23601967432776 -132.25236518693063 true
11.763850253432127 254.24837624726223 -132.25249617950314 false
11.941694577999389 254.24837624726223 -132.25249617950314 false
11.944211792254169 254.24837624726223 -132.25249617950314 false
11.975755770637353 254.24837624726223 -132.25249617950314 false
12.085327543760748 254.24837624726223 -132.25249617950314 false
12.112193831845435 254.48778027264314 -132.39663930857364 true
12.152223509440594 254.57914322033386 -132.35529175194264 true
12.200664712619583 254.73780956687767 -132.44781663044074 true
12.244941984789044 255.13466130546567 -132.57444610480803 true
12.336037012873945 255.44465870675222 -132.6847146992108 true
12.336669035364533 255.75550343948711 -132.9383599140291 true
12.347179492188003 255.74513745663322 -132.98292742070592 true
12.408999926376731 255.7754417158662 -132.9841830213025 false
12.536390230271405 255.7917181728454 -133.02855800337858 true
12.601643281471247 256.2812183500403 -133.01983093660596 true
12.628200254701083 256.62222082512636 -133.24718015992235 true
12.816435383634692 256.69974913863416 -133.25114234536588 false
12.819455395457943 256.5831751811319 -133.39029974795514 true
12.858549940815267 256.81684061272483 -133.54992845117076 true
12.861781646191686 256.9314952100927 -133.5572074665763 false
12.960820760650853 256.9314952100927 -133.5572074665763 false
12.977121371496477 256.963919708179 -133.46271389719965 true
12.979921282783769 257.06332726288355 -133.63144048329343 true
12.989181770749394 257.07156780082414 -133.6319865068193 false
13.102171846607977 257.07156780082414 -133.6319865068193 false
14.40517636150709 257.07156780082414 -133.6319865068193 false
15.037702509748456 257.2360407907905 -133.71943441805826 true
15.254471104212747 259.2582975840106 -134.05432339273685 true
15.622611499429759 260.0618883458695 -134.10827169929652 true
15.645614590902433 261.1662694002547 -134.1932680393682 false
15.834588978072897 261.4144857610411 -134.20932972762105 true
15.870164521024474 262.27820660903296 -134.37462014725443 true
16.025027760055963 262.38714256343786 -134.38339499792974 false
16.061293490600438 262.38714256343786 -134.38339499792974 false
16.242891829936696 262.38714256343786 -134.38339499792974 false
16.315151177261296 262.38714256343786 -134.38339499792974 false
16.517311394331358 262.38714256343786 -134.38339499792974 false
16.568969369718328 262.38714256343786 -134.38339499792974 false
16.574037579095886 262.38714256343786 -134.38339499792974 false
16.713086821212272 262.5609887699572 -134.50806979964378 true
16.728895246284633 263.2079285946775 -134.54434218011468 true
16.828236675747206 263.2570416654644 -134.54846687847345 false
16.99882594829405 263.28118646637637 -134.5101526529884 true
17.379172404690383 263.81163410173184 -134.5539217454718 false
17.533143650480177 263.81163410173184 -134.5539217454718 false
17.53483683828459 263.81163410173184 -134.5539217454718 false
17.674444522221393 263.81163410173184 -134.5539217454718 false
18.10289246330098 263.81163410173184 -134.5539217454718 false
18.177357110594034 263.81163410173184 -134.5539217454718 false
18.287267212083528 263.81163410173184 -134.5539217454718 false
18.289887617478502 263.81163410173184 -134.5539217454718 false
18.5030431430712 263.81163410173184 -134.5539217454718 false
18.52724536663318 263.81163410173184 -134.5539217454718 false
18.547264253927228 263.81163410173184 -134.5539217454718 false
18.59156465483808 263.9696763219964 -134.68690651002458 true
18.750298717048498 264.1082136402695 -134.6989335858595 false
18.76681688246938 264.1082136402695 -134.6989335858595 false
18.90841549434129 264.1082136402695 -134.6989335858595 false
18.942008591395638 264.21045068837435 -134.96310092107092 true
19.0649031249204 264.315887962623 -134.97321355467324 false
19.078343152706374 264.315887962623 -134.97321355467324 false
19.11958223578405 264.315887962623 -134.97321355467324 false
19.11962666658079 264.5374992288214 -135.11169369596462 true
19.20109329449122 264.53763978090586 -135.1117077578255 false
19.216751168733165 264.6100051716082 -135.1528395762828 true
19.332310602882547 264.65966365129765 -135.15786700382625 false
19.387746662007306 264.65966365129765 -135.15786700382625 false
19.553320843926112 264.65966365129765 -135.15786700382625 false
20.16168873527257 264.65966365129765 -135.15786700382625 false
21.01874567480109 264.65966365129765 -135.15786700382625 false
21.02717316380591 264.65966365129765 -135.15786700382625 false
21.25716021725802 264.65966365129765 -135.15786700382625 false
21.2853975671719 264.65966365129765 -135.15786700382625 false
21.439897542495636 264.65966365129765 -135.15786700382625 false
21.978368129723627 264.65966365129765 -135.15786700382625 false
22.21948195752542 264.694808292821 -134.94057943883487 true
22.3178460083116 265.4604385037229 -135.01215410091257 false
22.6355943754575 265.4604385037229 -135.01215410091257 false
22.795395413978355 265.4604385037229 -135.01215410091257 false
22.844033025944622 265.4604385037229 -135.01215410091257 false
22.96042246912934 265.4604385037229 -135.01215410091257 false
22.99574982471842 265.4604385037229 -135.01215410091257 false
23.613973895883422 265.4604385037229 -135.01215410091257 false
23.72918489095286 265.4604385037229 -135.01215410091257 false
23.78945816773359 265.4604385037229 -135.01215410091257 false
23.852154520854235 265.4604385037229 -135.01215410091257 false
24.341763102649065 265.68392477683886 -135.2688668246416 true
24.66423370137546 267.2506535772825 -135.42802694259933 false
25.009610561420793 267.2506535772825 -135.42802694259933 false
25.784162362819455 267.2506535772825 -135.42802694259933 false
26.013809109364576 267.2506535772825 -135.42802694259933 false
26.040222876203675 267.2506535772825 -135.42802694259933 false
26.14697915934949 267.2506535772825 -135.42802694259933 false
26.220250623251054 267.2506535772825 -135.42802694259933 false
26.311923910198857 267.2506535772825 -135.42802694259933 false
26.69082969828908 267.2506535772825 -135.42802694259933 false
26.840977933763153 267.2506535772825 -135.42802694259933 false
26.881985846634176 267.2506535772825 -135.42802694259933 false
26.927526465913413 267.2506535772825 -135.42802694259933 false
27.05512811730786 267.2506535772825 -135.42802694259933 false
27.081556375439213 267.2506535772825 -135.42802694259933 false
27.09368056968081 267.2506535772825 -135.42802694259933 false
27.146960652347264 267.2506535772825 -135.42802694259933 false
27.158834741414122 267.2506535772825 -135.42802694259933 false
27.171999045063924 267.2506535772825 -135.42802694259933 false
27.572070614766584 267.2506535772825 -135.42802694259933 false
27.70088010032599 267.2506535772825 -135.42802694259933 false
27.874124719035926 267.2506535772825 -135.42802694259933 false
27.944626950785317 267.2506535772825 -135.42802694259933 false
28.00727637042231 267.2506535772825 -135.42802694259933 false
28.188653930654247 267.2506535772825 -135.42802694259933 false
28.25224567780461 267.2506535772825 -135.42802694259933 false
28.365545269319874 267.2506535772825 -135.42802694259933 false
28.54716358304499 267.2506535772825 -135.42802694259933 false
28.663646723015127 267.2506535772825 -135.42802694259933 false
28.67728286735431 267.2506535772825 -135.42802694259933 false
28.755758610436 267.2506535772825 -135.42802694259933 false
28.93027561464605 267.2506535772825 -135.42802694259933 false
29.290501053958984 267.2506535772825 -135.42802694259933 false
29.295135257387262 267.2506535772825 -135.42802694259933 false
29.392812616876203 267.2506535772825 -135.42802694259933 false
29.48120706750507 267.2506535772825 -135.42802694259933 false
29.51652719703836 267.2506535772825 -135.42802694259933 false
29.751227596488665 267.2506535772825 -135.42802694259933 false
29.81994456211481 267.2506535772825 -135.42802694259933 false
29.82966205332519 267.2506535772825 -135.42802694259933 false
30.01029581301311 267.2506535772825 -135.42802694259933 false
30.093607596743635 267.2506535772825 -135.42802694259933 false
30.095310508889007 267.2506535772825 -135.42802694259933 false
30.202676168743313 267.2506535772825 -135.42802694259933 false
30.21890282697651 267.2506535772825 -135.42802694259933 false
30.242963829146902 267.2506535772825 -135.42802694259933 false
30.258439628352388 267.2506535772825 -135.42802694259933 false
30.3911766826049 267.2506535772825 -135.42802694259933 false
30.64034292872746 267.2506535772825 -135.42802694259933 false
30.734269783207882 267.2506535772825 -135.42802694259933 false
30.98182812809441 267.2506535772825 -135.42802694259933 false
31.100843191122504 267.2506535772825 -135.42802694259933 false
31.314569643529236 267.2506535772825 -135.42802694259933 false
31.55887197889497 267.2506535772825 -135.42802694259933 false
31.591114399691218 267.2506535772825 -135.42802694259933 false
31.66945598504365 267.2506535772825 -135.42802694259933 false
31.730697604434155 267.2506535772825 -135.42802694259933 false
31.778581702542727 267.2506535772825 -135.42802694259933 false
32.030951974027836 267.2506535772825 -135.42802694259933 false
32.19510406200051 267.2506535772825 -135.42802694259933 false
32.3999636668852 267.2506535772825 -135.42802694259933 false
32.622293632838186 267.2506535772825 -135.42802694259933 false
32.69732303585882 267.2506535772825 -135.42802694259933 false
33.135343533290325 267.2506535772825 -135.42802694259933 false
33.388087561392645 267.2506535772825 -135.42802694259933 false
33.726002324904655 267.2506535772825 -135.42802694259933 false
34.05256388117525 267.2506535772825 -135.42802694259933 false
34.40376852197428 267.2506535772825 -135.42802694259933 false
35.37792291540174 267.2506535772825 -135.42802694259933 false
35.42742100777591 267.2506535772825 -135.42802694259933 false
35.76285325523257 267.2506535772825 -135.42802694259933 false
35.87263039198217 267.2506535772825 -135.42802694259933 false
36.106807537461755 267.2506535772825 -135.42802694259933 false
36.14932998571051 267.2506535772825 -135.42802694259933 false
36.570732680833586 267.2506535772825 -135.42802694259933 false
36.77376883321192 267.2506535772825 -135.42802694259933 false
36.84375790897473 267.2506535772825 -135.42802694259933 false
36.86588724954064 267.2506535772825 -135.42802694259933 false
37.36705037785333 267.2506535772825 -135.42802694259933 false
37.45736169073892 267.2506535772825 -135.42802694259933 false
38.11304085740545 267.2506535772825 -135.42802694259933 false
38.44039308270864 267.2506535772825 -135.42802694259933 false
38.511151200313215 267.2506535772825 -135.42802694259933 false
38.94741407841696 267.2506535772825 -135.42802694259933 false
38.96839064569255 267.2506535772825 -135.42802694259933 false
39.12827319288187 267.2506535772825 -135.42802694259933 false
39.19818425833782 267.2506535772825 -135.42802694259933 false
39.21939737213328 267.2506535772825 -135.42802694259933 false
39.4233346027253 267.2506535772825 -135.42802694259933 false
39.44982287489126 267.2506535772825 -135.42802694259933 false
39.56470168953522 267.2506535772825 -135.42802694259933 false
39.631618505735325 267.2506535772825 -135.42802694259933 false
39.811037714452105 267.2506535772825 -135.42802694259933 false
39.87798993898553 267.2506535772825 -135.42802694259933 false
40.361486334736064 267.2506535772825 -135.42802694259933 false
40.403166547301055 267.2506535772825 -135.42802694259933 false
40.65079912384932 267.2506535772825 -135.42802694259933 false
40.743575570589016 267.2506535772825 -135.42802694259933 false
41.25047830618032 267.2506535772825 -135.42802694259933 false
41.293165947035455 267.2506535772825 -135.42802694259933 false
41.45767786332794 267.2506535772825 -135.42802694259933 false
41.480857088370215 267.2506535772825 -135.42802694259933 false
41.62066111182606 267.2506535772825 -135.42802694259933 false
41.80460963723271 267.2506535772825 -135.42802694259933 false
41.97682468457827 267.2506535772825 -135.42802694259933 false
42.13687887892527 267.2506535772825 -135.42802694259933 false
42.17252293747849 267.2506535772825 -135.42802694259933 false
42.3565929600599 267.2506535772825 -135.42802694259933 false
42.54459723124293 267.2506535772825 -135.42802694259933 false
42.62035337077311 267.2506535772825 -135.42802694259933 false
42.91554395274093 267.2506535772825 -135.42802694259933 false
43.30567007003023 267.2506535772825 -135.42802694259933 false
43.58469261499973 267.2506535772825 -135.42802694259933 false
43.72502890452669 267.2506535772825 -135.42802694259933 false
43.86987198938231 267.2506535772825 -135.42802694259933 false
43.888158057920045 267.2506535772825 -135.42802694259933 false
44.167355582985586 267.2506535772825 -135.42802694259933 false
44.61377446264055 267.2506535772825 -135.42802694259933 false
44.843342782566864 267.2506535772825 -135.42802694259933 false
44.910106850132195 267.2506535772825 -135.42802694259933 false
45.233974105122684 267.2506535772825 -135.42802694259933 false
45.43489880369298 267.2506535772825 -135.42802694259933 false
46.20036606156257 267.2506535772825 -135.42802694259933 false
46.40789080167861 267.2506535772825 -135.42802694259933 false
46.609963774481145 267.2506535772825 -135.42802694259933 false
46.74680816015736 267.2506535772825 -135.42802694259933 false
47.345660383388875 267.2506535772825 -135.42802694259933 false
47.573681950201724 267.2506535772825 -135.42802694259933 false
47.84408011358135 267.2506535772825 -135.42802694259933 false
48.288559643348485 267.2506535772825 -135.42802694259933 false
48.849911614351015 267.2506535772825 -135.42802694259933 false
48.88978667179252 267.2506535772825 -135.42802694259933 false
49.384291218914626 267.2506535772825 -135.42802694259933 false
49.40859833666452 267.2506535772825 -135.42802694259933 false
49.72405924575677 267.2506535772825 -135.42802694259933 false
49.874049191264206 267.2506535772825 -135.42802694259933 false
50.13522265994964 267.2506535772825 -135.42802694259933 false
50.20811714651927 267.2506535772825 -135.42802694259933 false
50.26753071545791 267.2506535772825 -135.42802694259933 false
50.43354908235305 267.2506535772825 -135.42802694259933 false
50.4435120397973 267.2506535772825 -135.42802694259933 false
50.69429605061589 267.2506535772825 -135.42802694259933 false
50.72879186455249 267.2506535772825 -135.42802694259933 false
50.8577466244474 267.2506535772825 -135.42802694259933 false
50.98520242212883 267.2506535772825 -135.42802694259933 false
51.042191454214446 267.2506535772825 -135.42802694259933 false
51.275962546225955 267.2506535772825 -135.42802694259933 false
51.30264898342742 267.2506535772825 -135.42802694259933 false
51.40795245776907 267.2506535772825 -135.42802694259933 false
51.65872612670663 267.2506535772825 -135.42802694259933 false
51.750159994057015 267.2506535772825 -135.42802694259933 false
51.77378750740232 267.2506535772825 -135.42802694259933 false
52.07768293518204 267.2506535772825 -135.42802694259933 false
52.23419858439144 267.2506535772825 -135.42802694259933 false
52.38969058971298 267.2506535772825 -135.42802694259933 false
