0.08152824342687759 0.0 0.0 true
0.1489534902437193 0.0 0.0 true
0.19072747738598883 -0.6816001790336186 -0.0 true
0.3281933285060794 -1.2975078112222995 -0.0 true
0.46036063762063884 2.140700578757504 -2.9598572383315926E-6 true
0.5057331663919535 4.929328518521773 4.95332193022776E-4 true
0.5644940535086045 7.255278257660552 0.001663027704274735 true
0.6731684293771842 8.04783335391288 0.004033948241674912 true
0.745354373848401 3.5767799433813976 0.0032253789168466707 true
0.8041142231920183 6.271761719071925 -0.002331972186234609 true
0.81435791704626 7.391178005775198 0.005681725251586077 true
0.9244813787596953 5.8235917809306 -0.0022720543056660067 true
0.9268211598525876 3.9029552095339186 -9.316954646641052E-4 true
1.006902563000836 0.849428751566517 -3.429523407856416E-4 true
1.0483700753987395 0.693730844805875 -6.870099275887912E-4 true
1.2235723976593345 2.071739813547196 -0.001981825969419345 true
1.2407782611795612 5.490139579551808 -0.020249910075650544 true
1.403559789564674 5.316006552942195 -0.006060134049154461 true
1.4782902193482765 3.0564002324068134 -0.016477726152629057 true
1.5096811018763439 -0.4444569782909981 7.302873155014803E-4 true
1.607303510141576 -0.055283508611626626 3.201862377578893E-4 true
1.6334006991520633 -1.801645723385586 0.005469549865562066 true
1.7115878647307436 -2.1714149128080433 0.013158510793914615 true
1.7346789951897699 -0.8536685810601966 0.0034200807741685867 true
1.748427685556563 -1.9088026479862745 0.012004064592422837 true
1.7832227831771674 -1.6979860115914902 0.0069868599189290516 true
1.8817124331304396 -1.4535733378305387 0.009698833087780656 true
1.9978586943427805 -0.23679053490423593 0.0011938819331922472 true
2.2072558621392653 0.6454205521063109 -0.0048805030172477054 true
2.2956070552541465 1.4613282482190453 -0.010060229282427805 true
2.6047925495304622 3.3924042002233934 -0.02889781218320796 true
2.6082726242216525 3.7490783059269255 -0.04113772691318963 true
2.683313209498128 2.5557687522442563 -0.021789042097739703 true
2.8533008343180852 3.5066453168608187 -0.04160074730663358 true
3.3793677377938964 4.580911858931715 -0.039564085823873954 true
3.4230979076942436 4.86562196905114 -0.03847811490475785 true
3.5661094252639884 4.548640795762141 -0.03428747675075196 true
4.088087525424354 4.548640795762141 -0.03428747675075196 true
4.181714759270863 4.310754634467328 0.005557405240065778 true
4.697050801733855 4.176006642956333 -0.012433044501197619 true
4.8759120948784185 4.17384443975617 0.11263283638116285 true
5.245927990424055 4.139266341759611 0.004451889911139478 true
5.91977422128763 3.9598728009803192 0.2454862443440683 true
6.044016413770909 3.426005578717806 0.3688624329205919 true
6.646743924058751 3.9464870811243933 0.2461170674043776 true
6.877636519837799 3.3573130892175773 0.4499591293260472 true
6.907658315704232 3.1795146652443114 0.21040092561313212 true
7.867037159921937 3.1346008411751907 0.41730733823271404 true
8.085082336587979 3.1316389470883688 0.16758641632999424 true
8.109615978476654 3.1316389470883688 0.16758641632999424 true
8.180214881390196 2.6611813491784444 0.31509058863231887 true
8.305387335476148 2.6611813491784444 0.31509058863231887 true
8.770823755965404 2.428914239031291 0.11249415833754674 true
8.830010941428856 2.428914239031291 0.11249415833754674 true
8.842444309744195 2.1662238989725204 0.11381236152437718 true
8.962846618197691 2.607732565256845 0.11680916178049067 true
9.028910947073129 2.6641310047040827 0.11108580692671383 true
9.041992388260397 2.5971166025731227 0.10282469381321392 true
9.06445095133006 2.5698712886193134 0.10432384447480646 true
9.223925935862624 2.7366320165720563 0.10268218922645984 true
9.291719625786838 2.712239806474145 0.07029406242485853 true
9.371092661844301 2.6485439576911047 0.08324050278584684 true
9.427246833492358 2.788068203073396 0.05739880202789436 true
9.452396690432849 2.773342205939533 0.0775960894567122 true
9.497226414471623 2.5690829069673824 0.04967542752962086 true
9.544902068987154 2.3958875537390223 0.06112674803830553 true
9.581758091129979 2.4281961648867147 0.04077102529927114 true
9.616461002860593 2.347777549544326 0.0557547212297601 true
9.674077993627996 2.26648202012381 0.03464951893507759 true
9.736852943202484 2.1967692441489803 0.04681093042319427 true
9.768244194506 2.3280333910170357 0.029735462713155317 true
9.933944056738863 2.4427557813340433 0.04921443919771495 true
9.996966822045025 2.3233929799767226 0.017595693934696777 true
10.030144605515536 2.189366881512535 0.04046661799129763 true
10.040275619003046 2.046852811246308 0.014185948306982733 true
10.07037901040785 2.1186935346431532 0.03874949090329442 true
10.094239309368731 2.0636731248537297 0.013168851797970593 true
10.343732637015123 2.098648071613905 0.03732315296406876 true
10.457730151902998 2.0492929948878804 0.004119955426575532 true
10.561546264917448 2.2793135393656985 0.034439377502760014 true
10.687290540487574 2.2645122164594396 3.726857740981064E-4 true
10.704366572807176 2.316698580260601 0.02941126929518809 true
10.7168188885128 2.2125294269844833 -2.0427634009986568E-4 true
10.856265889677708 2.3734453210207134 0.029840599323350793 true
10.945307971506619 2.854046735042253 -3.9191096579107063E-4 true
11.0588881842626 3.1463594009364706 0.04053541849176847 true
11.128353014293237 3.3164842971267507 -8.195167469938419E-5 true
11.203944015202822 3.5600022941837746 0.04687174835609343 true
11.221409055198361 3.611872012621747 0.001273550970593 true
11.227707418270246 3.6280148224149555 0.04817357746072453 true
11.233240251364323 3.687447045504908 0.0014797504264786243 true
11.350417196227841 3.7765827273326313 0.050213928684044985 true
11.379286824273446 3.865093563999554 0.0039965314861004535 true
11.391228571836521 3.9555904056363542 0.05374303827777752 true
11.442455936225405 3.868819658104978 0.004535077124881308 true
11.590701817894486 3.845364657019908 0.05336246158159859 true
11.607960600861706 3.736022913630093 0.009492850318824268 true
11.626823096543667 3.8219084833544272 0.05310249136247536 true
11.73249533585508 3.9348392462283264 0.01074628096968474 true
11.73693284563036 3.876712565633327 0.05373888692084567 true
11.763850253432127 3.9989380234940604 0.010819029410423925 true
11.941694577999389 4.1772374368270615 0.056954914733085296 true
11.944211792254169 4.290444400363372 0.008216699459557152 true
11.975755770637353 4.577897207437473 0.06240507475260455 true
12.085327543760748 4.8270283113148755 0.014128417726242602 true
12.112193831845435 4.8435690626107455 0.08618802670285322 true
12.152223509440594 4.741322096892188 0.01755681376617961 true
12.200664712619583 4.661612286456743 0.08703294083246771 true
12.244941984789044 4.7045068013711 0.019576087085058938 true
12.336037012873945 4.706574514120311 0.08938257938301236 true
12.336669035364533 4.637811716405811 0.02054164095135055 true
12.347179492188003 4.5400854490104186 0.08617065629122686 true
12.408999926376731 4.60490274849463 0.01921776640549197 true
12.536390230271405 4.522944035054102 0.0814385061111162 true
12.601643281471247 4.497974415374498 0.006754171103073877 true
12.628200254701083 4.491483574967243 0.07578542095629671 true
12.816435383634692 4.5510437947222115 0.0031993358995807313 true
12.819455395457943 4.379278448164801 0.04124730999597539 true
12.858549940815267 4.412503810622006 0.0020499675198559332 true
12.861781646191686 4.511294075258976 0.02857281211357854 true
12.960820760650853 4.606990985390043 0.0013017361356473228 true
12.977121371496477 4.520746352330462 0.013901968105116715 true
12.979921282783769 4.4535411839971975 -8.87539618851226E-4 true
12.989181770749394 4.4085617570170985 0.012983644106235082 true
13.102171846607977 4.4711881359327155 -0.0034639211253107566 true
14.40517636150709 4.4711881359327155 -0.0034639211253107566 true
15.037702509748456 4.461488401725167 -0.014884471510472374 true
15.254471104212747 4.418436577827457 -0.15686150682431832 true
15.622611499429759 4.373805320269411 -0.2101846077649442 true
15.645614590902433 4.43897568236778 -0.4695498381085411 true
15.834588978072897 4.441523793009955 -0.22723120508288844 true
15.870164521024474 4.431039329134939 -0.5588762513510878 true
16.025027760055963 4.534510703347098 -0.2497817748062566 true
16.061293490600438 4.569938575639418 -0.6025412638839859 true
16.242891829936696 4.633647951751507 -0.2649994152434073 true
16.315151177261296 4.620536785609228 -0.6539135680883787 true
16.517311394331358 4.673556473650136 -0.283625704592896 true
16.568969369718328 4.608481084552866 -0.7144264813065607 true
16.574037579095886 4.617849749750113 -0.29982016276379664 true
16.713086821212272 4.506662778089428 -0.7000498817548779 true
16.728895246284633 4.488882190166421 -0.3418666395904365 true
16.828236675747206 4.442348194775526 -0.6954825575109831 true
16.99882594829405 4.369623035707308 -0.35431518051899275 true
17.379172404690383 4.38239836422662 -0.7331619586770535 true
17.533143650480177 4.38239836422662 -0.7331619586770535 true
17.53483683828459 4.317085682816775 -0.43361916536002526 true
17.674444522221393 4.212225619915727 -0.7062209894428261 true
18.10289246330098 4.302509977811736 -0.6067924417979124 true
18.177357110594034 4.27721547048559 -1.0864732075231274 true
18.287267212083528 4.351986243581684 -0.6735780147666307 true
18.289887617478502 4.150108463674724 -1.1118459844366442 true
18.5030431430712 4.215871584861348 -0.6553687899588134 true
18.52724536663318 4.138419619527288 -1.3233689549225105 true
18.547264253927228 4.25410203447225 -0.6793979569235306 true
18.59156465483808 4.0158644239580985 -1.3017106562023788 true
18.750298717048498 4.209882869073392 -0.7135944964781225 true
18.76681688246938 3.9844245947169865 -1.4291309147834628 true
18.90841549434129 4.127671280733035 -0.7210522376487188 true
18.942008591395638 3.8264588607339496 -1.5644498803077738 true
19.0649031249204 4.115273907536157 -0.7649908970980261 true
19.078343152706374 3.818138829619664 -1.7316411343229006 true
19.11958223578405 4.017814740796636 -0.7617015847373672 true
19.11962666658079 3.662898955960372 -1.7116469178281288 true
19.20109329449122 4.099224932489536 -0.7771832395285876 true
19.216751168733165 3.6737354090346024 -1.7817945523367156 true
19.332310602882547 3.976743166637583 -0.7648508826059083 true
19.387746662007306 3.628560802886176 -1.83878598784023 true
19.553320843926112 3.9430332029017987 -0.7976994719748528 true
20.16168873527257 3.448893933728443 -1.8585599584598893 true
21.01874567480109 3.4592368904512583 -1.2531680886669891 true
21.02717316380591 2.5468562318049828 -3.3105559703490086 true
21.25716021725802 2.5468562318049828 -3.3105559703490086 true
21.2853975671719 3.2598032337092078 -1.229880011458169 true
21.439897542495636 2.063193582561571 -2.93958769324929 true
21.978368129723627 2.455644074705118 -1.8218999723039089 true
22.21948195752542 0.36614490535290195 -4.733405545934216 true
22.3178460083116 1.0774095389477596 -1.9605091333950024 true
22.6355943754575 -0.005705584949344366 -3.2571722143090986 true
22.795395413978355 0.18967814595220378 -2.568157124901236 true
22.844033025944622 -0.5322140579908156 -3.00791805497471 true
22.96042246912934 0.047634832531071154 -2.953250662362106 true
22.99574982471842 -0.9082426101859787 -2.9713008798150686 true
23.613973895883422 -0.060213055218982514 -3.0089344082474776 true
23.72918489095286 -2.806410286323788 -2.8519436464052847 true
23.78945816773359 -0.37480416907454717 -2.680609182415561 true
23.852154520854235 -2.2273542770338604 -2.0987316361381496 true
24.341763102649065 -0.5015489442680287 -2.73900990566371 true
24.66423370137546 -0.5015489442680287 -2.73900990566371 true
25.009610561420793 -0.5015489442680287 -2.73900990566371 true
25.784162362819455 -2.936982648111608 -1.8470064769348131 true
26.013809109364576 -1.2117539821224792 -1.8058968827708415 true
26.040222876203675 -2.610537343895689 -1.385869853970215 true
26.14697915934949 -2.610537343895689 -1.385869853970215 true
26.220250623251054 -1.6159709461966458 -2.3810451648593682 true
26.311923910198857 -2.554934256614397 -1.3213817727383093 true
26.69082969828908 -1.5646000280132017 -2.2935705455658195 true
26.840977933763153 -1.5646000280132017 -2.2935705455658195 true
26.881985846634176 -2.3495099704062077 -1.3304725525453964 true
26.927526465913413 -1.5405966258385166 -2.2795327352868657 true
27.05512811730786 -2.352954050243687 -1.3454658996487472 true
27.081556375439213 -1.49969481788744 -2.261540227037429 true
27.09368056968081 -2.355162893687659 -1.354647692095031 true
27.146960652347264 -1.4869511646301146 -2.246451262764108 true
27.158834741414122 -2.33991795506057 -1.3613982849918247 true
27.171999045063924 -1.462824112779362 -2.2134750317973273 true
27.572070614766584 -2.272213341441637 -1.3262292343691948 true
27.70088010032599 -1.35040358699086 -2.2511336161155104 true
27.874124719035926 -2.1205680443841435 -1.2955871417702705 true
27.944626950785317 -1.2635226617136583 -2.2675232404307546 true
28.00727637042231 -2.140749334099331 -1.3357063649879923 true
28.188653930654247 -2.140749334099331 -1.3357063649879923 true
28.25224567780461 -1.2196769484425551 -2.2254656653932616 true
28.365545269319874 -1.9525372665693714 -1.240846133864101 true
28.54716358304499 -1.079682250452105 -2.0776968041937582 true
28.663646723015127 -1.8006658173857144 -1.2301269208366745 true
28.67728286735431 -0.970747000135764 -1.9720037535912731 true
28.755758610436 -1.7349441110587214 -1.1920396219079696 true
28.93027561464605 -0.8979643219481263 -1.8982480407967706 true
29.290501053958984 -1.6175913147349652 -1.1942100699740057 true
29.295135257387262 -0.7853081691859027 -1.9725294336571384 true
29.392812616876203 -1.5992802359601341 -1.1827512863217797 true
29.48120706750507 -0.7086165176759556 -1.8738291506758344 true
29.51652719703836 -1.5903180971371984 -1.213985496326184 true
29.751227596488665 -0.6953459781408209 -1.8668348998960536 true
29.81994456211481 -1.5024688860787376 -1.2259218089787842 true
29.82966205332519 -0.6672165049240681 -1.8412337355354056 true
30.01029581301311 -1.4381419336888142 -1.1764428722535505 true
30.093607596743635 -0.5501640351644799 -1.6461193995806933 true
30.095310508889007 -1.3546918517170137 -1.1395696098752246 true
30.202676168743313 -0.571359540175675 -1.7107897209552214 true
30.21890282697651 -1.3501496045488721 -1.1639697844500227 true
30.242963829146902 -0.5491238265877564 -1.653858626009004 true
30.258439628352388 -1.3693094974650366 -1.186502694578884 true
30.3911766826049 -0.5561734104840116 -1.682706758503932 true
30.64034292872746 -1.3238168808654311 -1.1722073495774035 true
30.734269783207882 -0.538500326324341 -1.731795446128992 true
30.98182812809441 -1.3374229783055074 -1.1982599902961664 true
31.100843191122504 -0.5181585591621055 -1.7456615772706325 true
31.314569643529236 -1.3267356801348773 -1.2022795313483479 true
31.55887197889497 -0.47843595125771765 -1.6715141140317806 true
31.591114399691218 -0.47843595125771765 -1.6715141140317806 true
31.66945598504365 -1.224196427458922 -1.142321754466591 true
31.730697604434155 -0.4601009620522284 -1.635662582227493 true
31.778581702542727 -1.2485755041774709 -1.1737650260456733 true
32.030951974027836 -0.4410294163532996 -1.581553679722402 true
32.19510406200051 -1.1136454124655604 -1.079382574101985 true
32.3999636668852 -0.3918178392967194 -1.4775834496202331 true
32.622293632838186 -0.9958384920699354 -1.0000355194579715 true
32.69732303585882 -0.34027848759530777 -1.4120528115029092 true
33.135343533290325 -0.34027848759530777 -1.4120528115029092 true
33.388087561392645 -0.948352933014285 -0.9672323570218185 true
33.726002324904655 -0.2908449556554004 -1.3766636254282594 true
34.05256388117525 -0.8757894839547754 -0.9544108980160109 true
34.40376852197428 -0.20666954604968266 -1.181256058532722 true
35.37792291540174 -0.6620196326216269 -0.7920851810218005 true
35.42742100777591 -0.05595242323446616 -1.1234505197800677 true
35.76285325523257 -0.5522072601276565 -0.6714262790948373 true
35.87263039198217 0.012540426503749874 -0.8435476591325081 true
36.106807537461755 -0.2958390094170494 -0.38061326230777315 true
36.14932998571051 0.03541062032455845 -0.4634404904977532 true
36.570732680833586 -0.2936301883524735 -0.38709321060552465 true
36.77376883321192 0.08104380834303085 -0.4986089212839547 true
36.84375790897473 -0.22014366724786136 -0.31825131590467887 true
36.86588724954064 0.051729051779033475 -0.29250118488152516 true
37.36705037785333 -0.14299807254586902 -0.2089028020831007 true
37.45736169073892 0.06468126226525742 -0.2336163254052 true
38.11304085740545 -0.16728061213594264 -0.2544091310801089 true
38.44039308270864 0.0614737659097813 -0.1668548758286237 true
38.511151200313215 -0.08797171687547277 -0.14997695967587588 true
38.94741407841696 0.07475183730238578 -0.1973525509777098 true
38.96839064569255 -0.02443735743607794 -0.04837997365889564 true
39.12827319288187 0.011994137002232293 -0.031417143861417036 true
39.19818425833782 0.0085584745857707 0.01782885757737568 true
39.21939737213328 0.004540619353602698 -0.011621551343702304 true
39.4233346027253 -0.03306775251555258 -0.06929806444813347 true
39.44982287489126 0.043085221784569416 -0.10426037413484215 true
39.56470168953522 -0.04974403472832012 -0.10485622542980326 true
39.631618505735325 0.0477172362377647 -0.11279409584686265 true
39.811037714452105 -0.06831475585314986 -0.14570008783571853 true
39.87798993898553 0.044557552511960474 -0.10229752809665503 true
40.361486334736064 -0.07886603135577312 -0.16990352811847442 true
40.403166547301055 0.07280430710700204 -0.15631154428332483 true
40.65079912384932 -0.0701447959320073 -0.1518866098184934 true
40.743575570589016 0.0835869717906045 -0.17461460781706006 true
41.25047830618032 -0.08942575251758653 -0.19552967055070583 true
41.293165947035455 0.1197831010445275 -0.23908490469320923 true
41.45767786332794 -0.08755599570042555 -0.19223002000380476 true
41.480857088370215 0.12393030073757363 -0.24418361029018543 true
41.62066111182606 -0.14786051364133346 -0.32519729042876877 true
41.80460963723271 0.16744636636271218 -0.32710074292787505 true
41.97682468457827 -0.15044838473377528 -0.3344262361951461 true
42.13687887892527 0.15203753955054763 -0.29438196526221677 true
42.17252293747849 -0.1327995848392418 -0.2980529887700881 true
42.3565929600599 0.15367322978841602 -0.2969890542089992 true
42.54459723124293 -0.1321134273180247 -0.2995361785364958 true
42.62035337077311 0.15295828060045208 -0.2932153850047431 true
42.91554395274093 -0.11429689523020838 -0.25996902485982315 true
43.30567007003023 0.13745752515931645 -0.2607375243552601 true
43.58469261499973 -0.1347567198970468 -0.31179071988708995 true
43.72502890452669 0.1755702426519849 -0.3297352243357446 true
43.86987198938231 -0.12748214242548833 -0.29685185785274143 true
43.888158057920045 0.15315506228277734 -0.2860086548444506 true
44.167355582985586 0.15315506228277734 -0.2860086548444506 true
44.61377446264055 -0.1661320819643957 -0.38714207666988343 true
44.843342782566864 0.19625191001958803 -0.36106117908747454 true
44.910106850132195 -0.1643543684748636 -0.38589494158834337 true
45.233974105122684 0.20127164006537995 -0.3697506295712211 true
45.43489880369298 -0.17763418832184308 -0.4217123122243831 true
46.20036606156257 0.214504830426267 -0.39275017946066315 true
46.40789080167861 -0.16197294150280167 -0.39136946094618774 true
46.609963774481145 0.20196990870615045 -0.3665213382384771 true
46.74680816015736 -0.1866797847496348 -0.45676295986539595 true
47.345660383388875 0.2591853236008554 -0.4680460526902424 true
47.573681950201724 -0.2051446723796209 -0.5163361478460223 true
47.84408011358135 0.30574136855795553 -0.5470770134557362 true
48.288559643348485 -0.19703455899480518 -0.5019031704865926 true
48.849911614351015 0.2303930310109033 -0.39768349221884663 true
48.88978667179252 -0.1397806685900203 -0.37891892832483814 true
49.384291218914626 0.18745620775724042 -0.3223877075429954 true
49.40859833666452 -0.11876049956218449 -0.33793222182084026 true
49.72405924575677 0.20496212305511646 -0.351871540825029 true
49.874049191264206 -0.14042256147526377 -0.4152375611929629 true
50.13522265994964 0.2109305525258531 -0.3575829596325195 true
50.20811714651927 -0.13404240675509502 -0.40948484572075416 true
50.26753071545791 0.23962685203770626 -0.403360184938584 true
50.43354908235305 -0.15382872699681957 -0.47407305955028195 true
50.4435120397973 0.26147188224384493 -0.4326917066755524 true
50.69429605061589 -0.15445935988875487 -0.4766470988317886 true
50.72879186455249 0.2760596653357512 -0.4477421086881393 true
50.8577466244474 -0.15049868958404267 -0.46667988839026947 true
50.98520242212883 0.22291205800220434 -0.3576897373449705 true
51.042191454214446 -0.1102846399546553 -0.34827919955271436 true
51.275962546225955 0.20154592095596446 -0.32154436112317614 true
51.30264898342742 -0.11871247459294479 -0.38825190859551806 true
51.40795245776907 0.2402703916874136 -0.3824524044483624 true
51.65872612670663 -0.12329157174892386 -0.4091464979588398 true
51.750159994057015 0.2596812388766392 -0.4055125949118255 true
51.77378750740232 -0.14769937246703327 -0.49531969235915513 true
52.07768293518204 0.2570156863922978 -0.4006973369834127 true
52.23419858439144 -0.13286453121657135 -0.46092280375293315 true
52.38969058971298 0.29064788141586745 -0.44889182665698846 true
