0.08152824342687759 230.25742012796636 -134.20047324220565 true
0.1489534902437193 225.2906486485306 -132.77872717535993 true
0.19072747738598883 224.2567776067076 -132.83148126242872 true
0.3281933285060794 223.72453932648858 -132.94035665855088 true
0.46036063762063884 224.7627349190099 -133.06917177805656 true
0.5057331663919535 225.87646089477062 -132.29989087628954 true
0.5644940535086045 226.7830684508379 -132.16068964071363 true
0.6731684293771842 227.4410923516021 -132.24671322702653 true
0.745354373848401 226.93923307723503 -132.2680257519889 true
0.8041142231920183 228.05794641241565 -132.2430357622524 true
0.81435791704626 228.7966915271916 -132.31523436592505 true
0.9244813787596953 228.35137775500456 -132.43948265479557 true
0.9268211598525876 228.30914054880034 -132.26360686628237 true
1.006902563000836 227.22988304459997 -132.18444275342225 true
1.0483700753987395 227.24002864697925 -132.31936989076837 true
1.2235723976593345 227.78869005825624 -132.4617757499238 true
1.2407782611795612 229.60211827654766 -132.37630232834604 true
1.403559789564674 229.62173463645618 -132.40493253370673 true
1.4782902193482765 229.3770827041067 -132.2465046971394 true
1.5096811018763439 227.80188089803164 -132.24823791718308 true
1.607303510141576 227.99137076485047 -132.3245803784549 true
1.6334006991520633 227.02349978600927 -132.23627582480128 true
1.7115878647307436 226.76930683922546 -132.32209803134833 true
1.7346789951897699 227.36499437517736 -132.28067858698674 true
1.748427685556563 226.72638673240363 -132.25252203635824 true
1.7832227831771674 226.82362133254946 -132.39815366563286 true
1.8817124331304396 226.9107852133933 -132.37243340040052 true
1.9978586943427805 227.5243450920802 -132.29663978387666 true
2.2072558621392653 228.0719797883071 -132.34192889802864 true
2.2956070552541465 228.79226574369733 -132.42842113223722 true
2.6047925495304622 230.36571798496848 -132.46983732406872 true
2.6082726242216525 231.73862307376058 -132.37669583449312 true
2.683313209498128 230.66971108687343 -132.40054334362443 true
2.8533008343180852 231.74826635012087 -132.33009603224934 true
3.3793677377938964 233.42401108596883 -132.35356283651228 true
3.4230979076942436 236.25426373733922 -132.37339959093623 true
3.5661094252639884 236.0101592063317 -131.9354000698948 true
4.088087525424354 236.6606890159032 -131.9374324724277 false
4.181714759270863 236.29572998848067 -131.91540447632252 true
4.697050801733855 236.49409129744947 -131.80996583591207 true
4.8759120948784185 238.62681878330903 -131.9712407559428 true
5.245927990424055 239.36168546056965 -131.2501103434538 true
5.91977422128763 240.57367161890812 -130.36267740224258 true
6.044016413770909 241.66285938543368 -131.0161433478464 true
6.646743924058751 243.51210564123886 -131.00954248104202 true
6.877636519837799 244.0636536920781 -130.39977897136663 true
6.907658315704232 244.1459653898099 -130.74561843162704 true
7.867037159921937 244.1923998671962 -130.5013004564653 true
8.085082336587979 246.97393129364326 -130.9026566886262 true
8.109615978476654 247.6542234012334 -130.8442727165299 false
8.180214881390196 245.87663174990132 -130.78360662406843 true
8.305387335476148 246.06520738494007 -130.768101028368 false
8.770823755965404 245.00800663791733 -131.1984906737591 true
8.830010941428856 246.1366268975676 -131.1427124460013 false
8.842444309744195 245.21506764184886 -130.76971477265948 true
8.962846618197691 246.88142551572153 -130.89487286668012 true
9.028910947073129 247.40278561340307 -130.8931392323837 true
9.041992388260397 247.29992114554196 -131.13181369327918 true
9.06445095133006 247.18279983490038 -131.530031938387 true
9.223925935862624 247.78976187155604 -131.94547878113474 true
9.291719625786838 248.11609324522016 -132.11107832030922 true
9.371092661844301 248.1393686034932 -131.62657829514674 true
9.427246833492358 248.7960939007992 -131.7581056527391 true
9.452396690432849 248.92868934140648 -131.54405151765656 true
9.497226414471623 248.3064227362845 -131.81548080536277 true
9.544902068987154 247.86480287254744 -131.87547566497537 true
9.581758091129979 248.0774143617578 -131.88377191494817 true
9.616461002860593 247.92335500034076 -131.84938484898456 true
9.674077993627996 247.7429845505586 -131.99718586786227 true
9.736852943202484 247.66012218193183 -132.08097553154283 true
9.768244194506 248.16678872867237 -132.20108224412897 true
9.933944056738863 248.57526761017422 -132.11948801582312 true
9.996966822045025 248.6637073534691 -131.9267600446887 true
10.030144605515536 248.47192267992222 -131.603239573537 true
10.040275619003046 248.16492246515935 -131.57671359748335 true
10.07037901040785 248.3696817865244 -131.69357569979007 true
10.094239309368731 248.270861586155 -131.95223814543326 true
10.343732637015123 248.4172393367514 -131.87129430130392 true
10.457730151902998 248.80387030616933 -132.06344724437514 true
10.561546264917448 249.60196031137048 -132.19637949624695 true
10.687290540487574 249.79722837709392 -132.28007851505845 true
10.704366572807176 250.20955288953976 -132.26460555925672 true
10.7168188885128 250.00757769686123 -132.0383484395809 true
10.856265889677708 250.4294335991649 -131.88409347200889 true
10.945307971506619 251.89288645213367 -132.24787469262554 true
11.0588881842626 252.82939784352192 -132.60790833542265 true
11.128353014293237 253.59046475256338 -132.70148877269466 true
11.203944015202822 254.39709739740204 -132.92245076561545 true
11.221409055198361 254.7901068809231 -132.92576857894844 true
11.227707418270246 254.89404831066605 -132.88639023935224 true
11.233240251364323 255.05219547151808 -133.06762328147641 true
11.350417196227841 255.2867533260932 -133.07358454321403 true
11.379286824273446 255.94640779714055 -133.0404374718756 true
11.391228571836521 256.2787273259359 -133.07533392258986 true
11.442455936225405 256.1119309901343 -133.1204362968043 true
11.590701817894486 256.25879993411206 -132.96283054060117 true
11.607960600861706 256.5491017068131 -132.95801250751123 true
11.626823096543667 256.83570745031346 -132.86952998584022 true
11.73249533585508 257.1825952141502 -133.24200863013465 true
11.73693284563036 257.44777897167546 -133.27353302938235 true
11.763850253432127 257.7735082018831 -133.51275021595518 true
11.941694577999389 258.3377431047219 -133.67220872714645 true
11.944211792254169 259.3943935627064 -133.80306808535573 true
11.975755770637353 260.2172195952558 -133.72258177802385 true
12.085327543760748 261.05373415005994 -133.95086132295228 true
12.112193831845435 261.6292491948437 -134.05449074646802 true
12.152223509440594 261.46367387633876 -133.95183698956953 true
12.200664712619583 261.4227681735839 -134.00279392637933 true
12.244941984789044 261.76887639494265 -134.09311989980213 true
12.336037012873945 261.9835635613179 -134.16634931153493 true
12.336669035364533 262.2007064408002 -134.4038646284096 true
12.347179492188003 261.91616994048917 -134.41148257637633 true
12.408999926376731 262.1538079804096 -134.38295154935835 true
12.536390230271405 262.19729888302913 -134.39033198572457 true
12.601643281471247 262.69452135864555 -134.31163570757695 true
12.628200254701083 262.96564277112975 -134.5427935723156 true
12.816435383634692 263.26054246030697 -134.8806521850409 true
12.819455395457943 263.5201709870577 -135.02545280589908 true
12.858549940815267 263.6429090141083 -135.20101489415836 true
12.861781646191686 264.1573316606851 -135.1985089414318 true
12.960820760650853 264.5031389951692 -135.11474625234231 true
12.977121371496477 264.66069850331587 -134.92471221947432 true
12.979921282783769 264.49506464452753 -135.1133108044967 true
12.989181770749394 264.34462123109824 -135.39705237456968 true
13.102171846607977 264.6011879218606 -135.52498798968978 true
14.40517636150709 265.1063850607791 -135.52602640193305 false
15.037702509748456 265.0706053015079 -135.5894503136001 true
15.254471104212747 267.5278007056353 -136.28706324760392 true
15.622611499429759 268.1853419639881 -136.11374704339198 true
15.645614590902433 270.4405990396543 -136.47701393505224 true
15.834588978072897 270.4831671295765 -136.29727513578922 true
15.870164521024474 271.404138458955 -136.59384862271014 true
16.025027760055963 272.27749757058143 -136.45521818338273 true
16.061293490600438 273.4441751087138 -137.2340032949091 true
16.242891829936696 273.87134352229225 -137.46589169455768 true
16.315151177261296 274.8668875852009 -137.6922652965342 true
16.517311394331358 275.31286887395083 -138.17993832855765 true
16.568969369718328 276.02344496895006 -138.45704921895364 true
16.574037579095886 276.07931252076054 -138.1093497463303 true
16.713086821212272 275.5426964224825 -138.1708857514196 true
16.728895246284633 275.7747831417548 -137.98926861365504 true
16.828236675747206 275.81958933259284 -137.59276949401337 true
16.99882594829405 275.45317460146805 -137.36904700584546 true
17.379172404690383 276.5765500291848 -137.67316917604737 true
17.533143650480177 278.24881351905316 -137.89686203403153 false
17.53483683828459 277.25789815333496 -138.82411400250453 true
17.674444522221393 276.5146295352368 -139.36878395546296 true
18.10289246330098 277.85304189309835 -139.2800989081369 true
18.177357110594034 279.9918384839667 -139.95983622773997 true
18.287267212083528 280.57356700198966 -139.78363986930026 true
18.289887617478502 279.7477737264798 -140.5047848907758 true
18.5030431430712 279.5591220796314 -140.3157771776352 true
18.52724536663318 280.9400830490479 -140.52951298504752 true
18.547264253927228 280.86908562574723 -141.05891476323086 true
18.59156465483808 280.0966007119585 -140.96249633746174 true
18.750298717048498 280.7264343686071 -141.4217391094169 true
18.76681688246938 280.46716181036385 -143.0033982847763 true
18.90841549434129 280.256862658757 -143.52220482924633 true
18.942008591395638 279.9683242104088 -143.7340155630373 true
19.0649031249204 280.71890112797496 -144.71189408572818 true
19.078343152706374 280.9927285313472 -144.42232236596126 true
19.11958223578405 280.4166930499863 -144.78280697978533 true
19.11962666658079 280.13190760818287 -144.58443572782414 true
19.20109329449122 281.3768701864582 -144.2994130226822 true
19.216751168733165 280.95423405911885 -144.0228017824922 true
19.332310602882547 280.91158934871316 -143.97647979750897 true
19.387746662007306 281.10893869395227 -144.8422802120329 true
19.553320843926112 281.23724188860444 -144.81699850400787 true
20.16168873527257 280.5084564676109 -145.83802747508676 true
21.01874567480109 281.2111581815847 -148.17313161724917 true
21.02717316380591 279.2705199412026 -154.73481354056148 true
21.25716021725802 279.29556633231 -154.75416599920294 false
21.2853975671719 276.25876780184484 -155.58266801742565 true
21.439897542495636 275.6980799591802 -156.16884853926024 true
21.978368129723627 276.21005286687364 -156.9473933508099 true
22.21948195752542 275.6542659506053 -154.14631511007772 true
22.3178460083116 273.0581945507314 -154.3431941385724 true
22.6355943754575 272.1554249806857 -156.5352887938629 true
22.795395413978355 268.5878701947434 -157.48014164000483 true
22.844033025944622 268.50176390019845 -158.68666232105656 true
22.96042246912934 267.87520003207874 -159.88287392315718 true
22.99574982471842 267.44805793372416 -160.9027004298114 true
23.613973895883422 265.5343116428599 -163.20911221069977 true
23.72918489095286 264.0960893922381 -164.94434954641008 true
23.78945816773359 263.4190971778876 -164.99538546735312 true
23.852154520854235 262.9958125866628 -164.98707467794847 true
24.341763102649065 263.8348306727955 -163.4344278902485 true
24.66423370137546 263.0017727367551 -164.55160837891282 false
25.009610561420793 263.0017727367551 -164.55160837891282 false
25.784162362819455 264.32655005804287 -164.95757920354148 true
26.013809109364576 262.4007853672961 -166.7420184393684 true
26.040222876203675 263.34092909397765 -166.0217640684777 true
26.14697915934949 263.28537168148256 -166.07112801927508 false
26.220250623251054 264.14744242662687 -166.66258566900308 true
26.311923910198857 265.42736631916426 -166.64895685117435 true
26.69082969828908 266.453425466037 -165.95493008472434 true
26.840977933763153 265.7075875986661 -166.64394963121705 false
26.881985846634176 265.6577991069753 -166.26990748550233 true
26.927526465913413 265.31450434400955 -166.15547497867846 true
27.05512811730786 264.3656036455501 -165.5671392416244 true
27.081556375439213 264.9234922562984 -165.90242982195636 true
27.09368056968081 264.6167327083449 -166.0877830531608 true
27.146960652347264 265.3273201732452 -166.03832755145012 true
27.158834741414122 264.5514006452602 -166.1258059823438 true
27.171999045063924 266.0254447341762 -165.99148576233384 true
27.572070614766584 266.6196173670213 -166.0279874414683 true
27.70088010032599 266.61561472235485 -166.32405768897095 true
27.874124719035926 267.4290188691058 -166.46825924732605 true
27.944626950785317 266.3034451624149 -166.76624253173364 true
28.00727637042231 265.78002818901365 -166.53359863540803 true
28.188653930654247 265.67463256609796 -166.6453907942569 false
28.25224567780461 266.81434512607353 -167.1541837652939 true
28.365545269319874 268.071548648914 -166.0036573352511 true
28.54716358304499 267.7972956104817 -166.02650675265713 true
28.663646723015127 267.9489801998611 -165.74358383584598 true
28.67728286735431 268.37946216289333 -165.84496604845825 true
28.755758610436 269.22046732967834 -165.82046020737153 true
28.93027561464605 269.4808190566898 -165.9292810699496 true
29.290501053958984 269.60402504365965 -166.1537314641821 true
29.295135257387262 269.6780562495156 -167.0127269240747 true
29.392812616876203 270.1883242698834 -166.87808113372643 true
29.48120706750507 270.4167851265623 -167.16246720639685 true
29.51652719703836 270.12671178832835 -167.47471908997898 true
29.751227596488665 270.16594515416506 -167.32236421351132 true
29.81994456211481 270.2999307674308 -167.8815417723364 true
29.82966205332519 270.49626305376006 -167.9470568967427 true
30.01029581301311 271.3140624174743 -167.85224658763832 true
30.093607596743635 272.0217721176913 -167.62666682200955 true
30.095310508889007 271.5489230023851 -168.01351118223104 true
30.202676168743313 271.31826035018906 -167.99485467108093 true
30.21890282697651 271.6945013180747 -168.40921512225964 true
30.242963829146902 271.7774173494449 -168.12792950633468 true
30.258439628352388 271.73538177307233 -168.64118302741173 true
30.3911766826049 271.5511321256005 -168.2635442787709 true
30.64034292872746 271.45899513645776 -168.5305888893749 true
30.734269783207882 271.1243199018035 -168.9209336238553 true
30.98182812809441 270.9183104118168 -169.02874840149556 true
31.100843191122504 270.7045975661974 -169.43039222505735 true
31.314569643529236 270.72647708754425 -169.62736946645677 true
31.55887197889497 270.9653589802398 -169.79418711228078 true
31.591114399691218 270.75394080322593 -170.14111034202168 false
31.66945598504365 270.77904960385297 -169.92581970441492 true
31.730697604434155 271.0456832903524 -170.264761374489 true
31.778581702542727 270.7748526181446 -170.3509066633482 true
32.030951974027836 271.2561258895437 -170.28466344795012 true
32.19510406200051 271.79007677488147 -170.6551941307937 true
32.3999636668852 272.08721491383733 -170.84995218753463 true
32.622293632838186 272.7104909515116 -171.06896511992042 true
32.69732303585882 272.9216362015357 -171.58850896607333 true
33.135343533290325 272.8714093260473 -171.67968896060765 false
33.388087561392645 273.57909563563106 -171.69836613926452 true
33.726002324904655 273.22686347748476 -172.001463516372 true
34.05256388117525 273.65080470786955 -172.42639091589692 true
34.40376852197428 273.8153790793859 -172.14854312277677 true
35.37792291540174 274.0045997926074 -172.06313668651174 true
35.42742100777591 274.07274195161074 -173.04007536999092 true
35.76285325523257 274.9366838343367 -172.47908215192913 true
35.87263039198217 275.84003434060605 -172.71052152398676 true
36.106807537461755 276.64623788224014 -171.26270196678286 true
36.14932998571051 276.97624877207244 -171.19777126476427 true
36.570732680833586 276.6383938087329 -171.38208428872056 true
36.77376883321192 276.7707907655754 -171.48645318935218 true
36.84375790897473 277.64512964964183 -171.54004304767776 true
36.86588724954064 278.54243592958665 -171.2364874421683 true
37.36705037785333 279.04687242570947 -171.1968093965838 true
37.45736169073892 279.4506527801495 -171.24165104803916 true
38.11304085740545 278.40676044901886 -171.46550269888513 true
38.44039308270864 279.08035982749095 -170.98291385128812 true
38.511151200313215 279.61807049073644 -171.3074047664984 true
38.94741407841696 280.0696297969725 -171.55636776589654 true
38.96839064569255 280.43236362321056 -170.89560169158207 true
39.12827319288187 280.56511518118333 -170.7933462251131 true
39.19818425833782 280.6606110700516 -170.524001985818 true
39.21939737213328 281.0659170324178 -170.8088879953339 true
39.4233346027253 281.0284304687588 -171.1589499128641 true
39.44982287489126 280.82382066985497 -171.31022669565562 true
39.56470168953522 280.6416944173735 -171.30225246437277 true
39.631618505735325 280.75634702826284 -171.3677969783554 true
39.811037714452105 280.7009995519946 -171.5852564085798 true
39.87798993898553 281.13656153170257 -171.4200072732899 true
40.361486334736064 281.44567274825005 -171.91832950123643 true
40.403166547301055 281.238189691453 -171.8567548149966 true
40.65079912384932 281.59286869493155 -171.92125107584667 true
40.743575570589016 281.6691208028676 -172.09638447216577 true
41.25047830618032 281.8256703584255 -172.26888957550574 true
41.293165947035455 282.24183833239323 -172.65450681384368 true
41.45767786332794 282.23982380777295 -172.39371712952348 true
41.480857088370215 282.1794068210428 -172.7476468421963 true
41.62066111182606 282.0799968715299 -173.20840622018073 true
41.80460963723271 281.92346986410104 -173.28756182446048 true
41.97682468457827 282.20578492284005 -173.3855649773867 true
42.13687887892527 282.7667197513038 -173.2687332037211 true
42.17252293747849 283.036296924417 -173.32520436033886 true
42.3565929600599 283.19090425258975 -173.3812613798612 true
42.54459723124293 283.09356381168215 -173.4001640623766 true
42.62035337077311 282.99620270828564 -173.45166413168482 true
42.91554395274093 283.1555652951043 -173.23801779694332 true
43.30567007003023 283.5993587536118 -173.38224197394914 true
43.58469261499973 283.71118421212014 -173.76709151164857 true
43.72502890452669 284.0686197230319 -174.03364996458717 true
43.86987198938231 284.2078413766371 -173.81890284952053 true
43.888158057920045 284.2265587829642 -173.85884525710966 true
44.167355582985586 284.2267931683476 -173.86417721097305 false
44.61377446264055 284.3986645723207 -174.42609338188404 true
44.843342782566864 284.32784115690276 -174.516088647043 true
44.910106850132195 284.2478672348722 -174.67499778502366 true
45.233974105122684 284.5641506890294 -174.70435169588083 true
45.43489880369298 284.3199084294987 -175.04965881831987 true
46.20036606156257 284.4385267154633 -175.05675816493647 true
46.40789080167861 284.8040679673348 -175.25744347307247 true
46.609963774481145 284.972051057239 -175.2778635669701 true
46.74680816015736 284.9379939880296 -175.85731672227976 true
47.345660383388875 285.0897274946001 -176.16262241487723 true
47.573681950201724 285.2315977197337 -176.64744063480614 true
47.84408011358135 285.3215523597232 -177.17824199955996 true
48.288559643348485 285.8416804690259 -176.79740037746527 true
48.849911614351015 285.8209671490021 -176.37953904841459 true
48.88978667179252 285.97816164163004 -176.348614419896 true
49.384291218914626 285.7568960052643 -176.0523934265215 true
49.40859833666452 285.866488109972 -176.1673775795994 true
49.72405924575677 286.1528832696759 -176.4975104590289 true
49.874049191264206 286.3241292014944 -176.90155539059907 true
50.13522265994964 286.3848654408782 -176.725178718691 true
50.20811714651927 286.7508361972193 -177.01528943834236 true
50.26753071545791 286.9585571802224 -177.2939444253649 true
50.43354908235305 287.2751426844413 -177.57925649697205 true
50.4435120397973 287.1914731649784 -177.66127393359758 true
50.69429605061589 287.2503990937605 -177.66835899604527 true
50.72879186455249 287.6868072768105 -177.93960563472066 true
50.8577466244474 287.6936932597138 -177.72998222118218 true
50.98520242212883 288.01822437776156 -177.2362352982786 true
51.042191454214446 288.47655831114105 -176.89465662376966 true
51.275962546225955 288.53649908882096 -176.9974314632039 true
51.30264898342742 288.64632957567744 -177.33135754055945 true
51.40795245776907 288.939573926939 -177.66208789260475 true
51.65872612670663 288.95128110713097 -177.5345636887455 true
51.750159994057015 289.0263724735075 -178.00505785634903 true
51.77378750740232 289.34789987112714 -178.37778314081086 true
52.07768293518204 289.4198114152596 -178.050667056511 true
52.23419858439144 289.50536031042094 -178.25425024800708 true
52.38969058971298 289.8362509417442 -178.70403753577446 true
