0.050227496427347806 0.0 0.0
0.09939901762305947 0.0 0.0
0.1548323849355574 5.766161993180085 -0.8249605218900489
0.2113106969446199 12.604466020846743 -3.1930602250198366
0.24900194638188 12.469599481600344 -3.821858009217101
0.3405166740317961 14.320952980881719 -2.427210354099532
0.41189839867350764 17.187719292657224 -4.245277961312371
0.42150248681584024 23.373605866463734 -16.282399381760875
0.44632629455541206 17.689444175030236 -13.497775193384367
0.49063389210023556 16.246009850178357 -11.787390477822065
0.5009519430456998 15.872104093109298 -7.07147823910113
0.5506251897456144 15.660569883420983 -6.183718236516921
0.6749405775497376 15.425827077813526 -4.571269867326813
0.7857804524108161 10.482092078320367 -3.7159831490644253
0.9308214965551961 10.52825168635318 -2.932027216951618
1.0053606392411445 8.26226854258449 -11.606169063153072
1.0795324971898637 7.27326668708428 -12.583769218959379
1.2105196607066036 4.537483435619423 -8.81097395109508
1.2704410058019595 2.712805243687878 -6.082869657548242
1.3293040245826377 3.7747335513233176 -4.246680438508055
1.3400876267131996 4.138025274885186 -3.600426991598198
1.4630600717560127 2.9440121842859233 -2.5089061172604867
1.5869760673532545 3.7855207987078097 -1.5584039751241132
1.5989397517340125 3.535519072595663 -0.9999345427354795
1.6023507988456704 3.480983239688209 -0.851380758509802
1.665544528194367 3.291895125130817 -0.9697123814329953
1.6892675488469884 3.287869179659385 -0.7662534208964419
1.696987789199615 2.9127440275311742 -0.7111492794276675
1.7491940500739895 3.466883777962921 -0.41896211943094647
1.804465060818123 3.071526524425277 -0.06814003016664888
1.907046551836077 2.332323286988461 0.03954215573094737
1.9236688414062542 2.188252772883516 -0.004295436387832065
2.395622547133933 2.5287116423245593 0.2406188226300686
2.431480659094058 3.361508479516837 0.21356934452197435
2.475146402926808 2.935652510930309 -0.9621805572185407
2.6463547115690744 3.0141928271792278 -0.9120845921888718
2.778464179508245 3.3917885861589347 -0.5794040863409713
2.85424425536837 2.8266748651629894 -0.46413376447156396
2.9754101403667685 2.829358121903034 -0.39482489148288596
3.139309696463248 2.5036763342628605 -1.0101913667179072
3.242980700616111 2.8099550069330297 -0.8124454347329231
3.5395856059752955 2.9942357112839426 -1.3929922841922546
3.815468825040081 3.2638919591664344 -1.1494612820561674
3.873325997569812 3.164809095807068 -0.6679564718395349
4.073141483820856 3.133163541041758 -1.3902193463677
4.1254348348963985 6.0136330231041 -1.0580475725216694
4.132699766923116 5.317649625060154 -1.3660503665583756
4.157224921026526 5.328225100332683 -1.6676759517166133
4.338965923021402 4.875920022714033 -1.8047962721349136
4.537234277904909 4.61832141678768 -1.5593076179399616
4.756802541860604 4.389866784313478 -1.3034269946068562
4.814533312883292 4.164921720121901 -1.6020397201123409
4.82421766722466 3.9078072921710225 -1.7476407609882487
4.864046324166315 3.5292706129358082 -1.8836763751663623
4.985847169593532 3.4810633168111975 -1.7113908662753134
5.105920607782485 3.2101583461029817 -1.93804088481215
5.314925878608662 3.188273295443504 -1.5825539054185072
5.822738333704811 3.155290236246063 -1.277855600584851
5.995163404529025 2.8126925641141387 -1.385971528670014
6.484824722831038 2.500978564577471 -1.6811608096994322
6.497927523523739 2.2089551745515625 -1.8465738260373894
6.548637897392682 2.2422273895217044 -1.639604791470461
6.683280854032794 2.1899847455355097 -1.5010467401529666
6.717672841030192 2.334555540355535 -1.3158576257262768
6.884203350656261 2.294403686976165 -1.1173996662099281
6.942099030137041 2.27575981084453 -1.2398396327305174
7.281306059555192 2.2152177568584692 -1.3341124277165317
7.666056679104401 2.2482178244555624 -1.1494330029653197
7.859314263735735 2.0565787841930967 -1.3540837774754553
8.057490499122586 1.8400130968426032 -1.5533310671865241
8.259179122439981 2.0350328076797974 -1.3889903680829052
8.354627425952902 1.888921609038423 -1.4831100341018344
8.419875610002265 1.940080560601679 -1.3538345719861966
8.46343212963326 1.8268128752381239 -1.439652041247288
8.626865326253649 1.6896037733872167 -1.5026472728004798
8.701014548450974 2.2063192750669307 -1.7957688728632581
8.813017412604985 2.163605901676025 -1.6670275723038335
8.822313080580102 2.5846821230070756 -1.466577766858189
8.899466314197475 2.828060419950285 -1.7463778526159621
8.90035934610961 2.699765589530538 -1.8317887358847815
8.980606530735852 2.6411979912928523 -1.6811230958935273
8.991333474832887 2.5737551582720988 -1.5572885296618924
9.017613503724922 2.5800312459574553 -1.431206141454814
9.112813232710302 2.56212514932529 -1.3489806503498765
9.215403483267641 2.458180850548373 -1.431681780099315
9.278728162258263 2.503720183538045 -1.3325344364255312
9.372819874037468 2.4906764311653453 -1.2728582116248561
9.396007731613427 2.524635037662096 -1.2049838052981436
9.409923682932433 2.4999189541432223 -1.128526529331911
9.41506150757552 2.4731014284176496 -1.0785007053918059
9.417950991816182 2.498771100521729 -1.0411207697527887
9.458041948264002 2.489038165993024 -0.9491236970089677
9.467045284788188 2.4947123335081973 -0.8958968758089462
9.48093662420515 2.386456861918776 -1.0032361428060284
9.50717030171016 2.3694913266149564 -0.9599120981030002
9.592944264792207 2.4011338096796155 -0.9234426943568604
9.614863857812836 2.4042054770040795 -0.8711166077911378
9.721422073693107 2.3994222980562956 -0.8360797323593047
9.799826777506992 2.3605954188121125 -0.810249393555469
9.840879959974574 2.338819648931001 -0.7496792593928007
9.975300629302975 2.30570897725436 -0.7138994520999757
10.096807407809582 2.2164529883966186 -0.7587600338524615
10.246096124406774 2.3255692159380295 -0.7638494205864795
10.258909139036485 2.2983690494023192 -0.6906457370106793
10.265688034363011 2.313357156662021 -0.6527397016729458
10.295784304772619 2.324899284076346 -0.627792944275754
10.314664281118501 2.367228922606138 -0.6082742912717547
10.346725243701357 2.3517303992716783 -0.5520552001785386
10.514201710461773 2.3845151566657083 -0.5045834548111174
10.601723145457496 2.2999984958846857 -0.5681888689292597
10.73941585192119 2.2828782091426714 -0.5617413039913001
10.836895806841616 2.2513259790942337 -0.5271895956916306
10.857415494471214 2.2483850355624235 -0.5067182316553208
10.8791477383132 2.2505183570054017 -0.470035717559123
10.936071495331898 2.179074360641801 -0.5323310050033453
10.995084257892524 2.168019430708194 -0.5215770186025118
11.006990166140055 2.1957797467540825 -0.5168355768421706
11.056794062161684 2.2130475400582386 -0.47562461640189835
11.093700064305649 2.264320537311759 -0.48606397716511635
11.13907640540235 2.2806468611296857 -0.45963044523640173
11.181763149984842 2.2190554442148165 -0.5211007532833585
11.286906861811714 2.265646787629432 -0.5131978607145022
11.342431179204928 2.2929589176895195 -0.49158193985902704
11.362116930445637 2.332955225313648 -0.49529954099333745
11.388877228316375 2.358731811781379 -0.47124043518246334
11.414289710031968 2.3164982107973264 -0.5224376137390588
11.510904678203485 2.3493059439487065 -0.5369937225612911
11.527611285781836 2.3467971070347557 -0.520136324079674
11.529414561441838 2.3929108873556917 -0.5161810835262687
11.54391790156023 2.417364735711122 -0.4878041013813032
11.603002791146578 2.411812364377927 -0.46846067187935864
11.710999248805303 2.423003176026604 -0.4498719929748358
11.768840230084326 2.4858204254783525 -0.426841015408297
11.778478801930206 2.5155737953330686 -0.42578536507272974
11.795987268740173 2.5329586459842868 -0.4113907464583573
11.88823919884586 2.5500769909309406 -0.40063153837252624
11.911881399929038 2.548644424827739 -0.38744392442198256
12.05033534528478 2.498951929583763 -0.43483837249887064
12.16378838733895 2.528135182723509 -0.4185807177416578
12.291443683783918 2.5540043597825277 -0.41837827903351626
12.302042273693747 2.57057225265472 -0.4115010167340152
12.314867153028846 2.5610721778720427 -0.40867802558735367
12.413429706931298 2.572081096649999 -0.41774018772906923
12.486674781149663 2.6073387138525606 -0.4060949448294207
12.497458856525192 2.6206338466439107 -0.4099124253481836
12.584000260351884 2.6259080908789434 -0.41092745189365176
12.640894887593895 2.6212381941553984 -0.38984081350313254
12.649105380949935 2.6538027865814207 -0.3734905682516813
12.652566665284713 2.6553454685366944 -0.3508157755338741
12.676725166883664 2.69565602622749 -0.35396457084152744
12.679384604438589 2.68978594624436 -0.3431868689876585
12.705666070474281 2.686488076727995 -0.332967916258489
12.74554096907511 2.69252384100358 -0.3175468270768167
12.816285402188768 2.700596902656011 -0.3117892349315888
12.851710497344218 2.718639844513763 -0.3244285270330972
12.909132040101632 2.7162759744313 -0.3293546530797338
12.933993628801183 2.7274929341187777 -0.3242834971026084
12.944892225886854 2.722261091232616 -0.31665583413753745
13.511262655416733 2.6637618940393764 -0.3600755275152203
13.548658410055594 2.5904882079339506 -0.41041543760813887
13.733491060453927 2.6119968527440576 -0.4083187821748405
14.062395229880051 2.7202701999250047 -0.46190845097015787
15.028881482828673 2.6506030451083937 -0.5077258552445434
15.081892077194116 2.5603595610239873 -0.5704115615825041
15.085705256648447 2.5667306653539956 -0.5501401569374481
15.125581101979748 2.587498950296254 -0.5406097752515214
15.162451877538686 2.5904249963250887 -0.5387810929338969
15.327690822458283 2.5918269718950473 -0.5274391587732272
15.895437087039047 2.6049616468452363 -0.5101594136343091
15.947819604414507 2.6266798305290693 -0.5002464848152788
16.033095503900935 2.6507380902694866 -0.49274330497454505
16.044667041285685 2.6602706876103532 -0.4747208799270654
16.046068042085846 2.6823914180632804 -0.47725172830198553
16.189334645527786 2.700756662590407 -0.4544992463441281
16.250319001459847 2.7204341634463804 -0.4495607753761969
16.269887500965964 2.733200923530915 -0.4314035060992409
16.290444331798692 2.7539450307550646 -0.43638752419186405
16.36373417700575 2.7544157347729774 -0.4299134440698283
16.55242410849145 2.7455396373474414 -0.4122156547686116
16.64135220751341 2.7548649243391856 -0.4092375988731797
16.81552695730454 2.7735537666030763 -0.39610845235372616
17.63860825556138 2.770490743451308 -0.40341571228006035
17.7872887354084 2.8315249410575296 -0.49382494099024954
17.887612246676433 2.8490565309416125 -0.48845360975445284
17.987176242918878 2.8361301694281917 -0.49884094429830567
18.149265698015995 2.8268983168287836 -0.49037022035174677
18.234717939991846 2.843523725334954 -0.4888441075037354
18.29578839256137 2.8284626659743948 -0.4948549121160836
18.34200799099732 2.8148530666692406 -0.4963935565676881
18.52199018834902 2.836809505289534 -0.48416081096315355
18.529034143333607 2.858166173342915 -0.4910168464441153
18.566303863414745 2.877363522337658 -0.4854100259779452
18.653161676213184 2.783105322275317 -0.5256167959660346
18.67584584863183 2.7711118765332534 -0.558136334361465
18.685092682996228 2.784796978353716 -0.5457396348954693
18.871304964158554 2.7883224225146592 -0.5348861557521247
18.920635087924712 2.78914619269638 -0.5460166904556978
18.99765064793096 2.794104009276772 -0.5501249514373402
19.080781313024694 2.7204453481310513 -0.5861105766524214
19.132807140014272 2.725906384942835 -0.5819365610091232
19.148817128694578 2.7120141539083136 -0.5681744932522504
19.21337817753966 2.7182748286588123 -0.5646447151435182
19.395502184511983 2.7093010388503185 -0.5735152234403612
19.586636212461407 2.752390599441787 -0.5636534372687343
19.626192115708733 2.7528429490256103 -0.5514093277280475
19.768368964880207 2.7452104352169124 -0.5438917060022552
19.872301216042928 2.742917828073519 -0.565934659812943
19.967505817204415 2.761082063021402 -0.5873686513144583
20.333785824328046 2.7256593681956356 -0.6118814702566729
20.469943476282026 2.6427895854551795 -0.647750160552112
21.253035614754655 2.616616521292095 -0.6847405169778583
21.29729899792215 2.603685507563397 -0.7025475458953198
21.300539688627946 2.5731310713936297 -0.7187625217941632
21.407168872974356 2.486173177164194 -0.7353756103691167
21.44559956695879 2.4714931133312104 -0.7535504656330075
21.891728558208335 2.4701799652414627 -0.7695263560230883
22.088411980597222 2.4531682557930736 -0.7928096060002691
22.17662355538819 2.43215270620885 -0.8233357471741408
22.67234610284298 2.4087216658386863 -0.8484672951276845
22.739485176931733 2.3702519115412692 -0.8454211588554263
22.810957080096 2.344165292700242 -0.8721722536050841
22.939882275066253 2.288244850324645 -0.8789454708112541
22.959328120226665 2.269446056142196 -0.8426365156935215
23.159957758940006 2.2412986675695232 -0.8578862028872069
23.730536391783737 2.2141901143033667 -0.8737519455343725
23.954710536277307 2.185385380991537 -0.8900062396584609
23.980962120479866 2.135515062711754 -0.9383414329762989
24.098490804587847 2.128493934145448 -0.9256781028589013
24.908258973789703 2.081177693740872 -0.8882199560289805
25.16218991640507 2.07693113482365 -0.9095371215569081
25.463756857397318 2.1055880767304846 -0.8959205889230809
26.080814078590066 2.07573767355084 -0.9164799725225814
26.39941648843891 2.0700193758019054 -0.930218201277299
26.44879671899012 2.096355620874455 -0.9549430507750538
26.488913090541644 2.0820551218969174 -0.9563608355751541
26.49337123408013 2.0754926475321174 -0.9567560334872662
26.53129892154178 2.0515506844246767 -0.9643282737130103
26.77291482571999 1.986614023698453 -1.0016177379463158
26.897098868905022 1.9724741853451828 -1.0195171542548433
26.972902490483687 1.9476955106918017 -1.0267404976594317
27.188015774659583 1.9578730555370343 -1.0334059948820906
27.216470684382077 1.9319000049988704 -1.044537301162948
27.267804898523522 1.898686198809913 -1.0525941241477828
27.314365836119933 1.8907742508676726 -1.062210080566512
27.76466001654979 1.8931293751861236 -1.069251497009283
27.83244564554632 1.8591037884815131 -1.0762916570908896
27.888866906948866 1.8278122213120431 -1.0727998180885279
27.938381310440644 1.8215665165530714 -1.078249615441522
27.940629447793448 1.8170901538992474 -1.0848251914853677
27.96365078691091 1.812858777609037 -1.084252438744126
28.061150996947042 1.7965498315039305 -1.0865157684583706
28.42094439424048 1.803018567189875 -1.1033316754569749
28.62080868633717 1.8012277688282166 -1.1066894642023102
28.646835288435195 1.8118170443113506 -1.0877194769090028
28.728299019437486 1.7879336463703521 -1.086456076347779
28.77603544485677 1.7832465521748426 -1.0910054404779364
28.90980073235715 1.7882154293282224 -1.09505287101641
28.923118685970852 1.808962105294272 -1.0659947654445667
28.96266352049061 1.8019603213033435 -1.059795055284506
29.09873543688675 1.800109449660049 -1.0630518032264644
29.11915277454752 1.789660626004255 -1.0642842256828642
29.21285143113881 1.774523976073768 -1.0729845391720794
29.217630234275124 1.7694904949027919 -1.0764419751955183
29.331667939210984 1.7654836076819767 -1.084113007024546
29.445921047194748 1.7627789008297416 -1.0935881455501146
29.97963060898887 1.7575812272640656 -1.0980112834776288
29.990054304677688 1.7545485242330572 -1.1069801036473883
30.105631465264615 1.7448906721163304 -1.1229650922485148
30.2235060308755 1.7355667143484672 -1.129006630215008
30.23291279462117 1.717484939831334 -1.137202790346109
30.241649095777593 1.7028057303009076 -1.1307237055458783
30.3308592251768 1.6908334812966284 -1.1350873803366959
30.385180077653665 1.676680758350274 -1.1372339048124604
30.519814126737362 1.6696552494246644 -1.1339312137698851
30.557233413924184 1.6764873767124095 -1.1358208795363163
30.68018712871542 1.6842662044406829 -1.1306303342854416
30.791015111135003 1.672034739406762 -1.133137752297412
30.864912177357823 1.6735600225031044 -1.1419011771883008
31.042737416539456 1.697314272056254 -1.1564476121538014
31.115530350252797 1.6872424954053695 -1.1557869364180575
31.517297924901555 1.6727605597726622 -1.1586623073116677
31.709732875372612 1.6654643763017407 -1.1619915225151591
31.88429101966746 1.6556311943552828 -1.16496496092063
31.907154343353234 1.6542482353344536 -1.1655379593526418
31.918546219277584 1.6517902038102021 -1.1732022072150636
32.13706181922981 1.651502059115072 -1.1769124173812089
32.30783970761851 1.6524424870920629 -1.177936812772867
32.51549768435156 1.657898286434499 -1.1828289760330724
32.524577887021834 1.6641298006082823 -1.1867772924077316
32.734306363681966 1.6630638654842713 -1.1947773098447687
33.1650798601233 1.682627013814311 -1.1855913234527256
33.39585664249981 1.6688711205346414 -1.1873988603562227
33.58913479591448 1.6736882437947143 -1.1918963635360917
34.74149401857906 1.675831466980214 -1.1965238672797336
34.93919398325738 1.668715755661057 -1.1882531150055833
35.201057659598014 1.6693818257985196 -1.1844297485288189
35.36531136418796 1.6625875963584633 -1.1795656392173761
35.816906396068454 1.656877615622006 -1.1822610076874778
35.824371002460936 1.660783519460802 -1.1850195401791686
36.17935936434786 1.6675612986311048 -1.1827432679024141
36.194453426195054 1.6624052676969783 -1.1809241733544649
36.713815799632776 1.6470058043430869 -1.1816351338319813
36.7466446478044 1.639049081792222 -1.1801139251631265
36.91676843994174 1.6370527213928365 -1.1633511580636349
36.92206508662601 1.642194841593252 -1.1646544356293087
37.39309602377528 1.6412119451305016 -1.1638936396740098
37.55388207888156 1.640787897666651 -1.1633753100914765
38.087604628718786 1.6377112359992194 -1.1536180298216243
38.166429869211996 1.6397208014109694 -1.1569192384867832
38.33291609931597 1.6403065143353264 -1.1596156246454763
38.444922684217744 1.6106447834503927 -1.157871903014543
38.86989172899215 1.6127171590178424 -1.1495242679485678
39.12827564758618 1.6048755582469516 -1.1437545344181785
39.20292284120573 1.5961398538744147 -1.1464173374875437
39.36257909168079 1.5864085731261122 -1.147523340211185
39.543977581515065 1.5805740200998402 -1.1464302331786256
39.61854689805545 1.5826321209407488 -1.1424400361565181
39.75303272882625 1.576144946325873 -1.138984548697577
39.77851544874841 1.5631695383287119 -1.1360597878183638
39.85578981536283 1.564224627150496 -1.1382736767332577
39.92153208096684 1.5518320403848238 -1.1372438830339313
40.04718675950881 1.5529245374259724 -1.1432555136577962
40.43073328445987 1.5475341561009892 -1.1433562001001476
40.56596792028834 1.533965471605653 -1.1385891214484873
40.925697519463974 1.5352601510251487 -1.1378415916197377
41.031678789267175 1.5252389086841127 -1.142552170947654
41.3134408328042 1.517276879743523 -1.1364481972059675
41.381063461127475 1.5083710890876043 -1.138601892831267
41.438458333719325 1.5120884323409103 -1.1405649821043622
41.49747575798734 1.5001786630766587 -1.1388471884697688
41.705604870756986 1.5008295430638057 -1.1377492579937005
41.71342311215001 1.4974483447595937 -1.1374839044541702
42.01411240693558 1.4877612930484398 -1.135323342786943
42.264641829247786 1.4780827390265583 -1.132514145546316
42.341259352195856 1.4787670243738662 -1.1306615556271065
42.57836528735929 1.4764385173035792 -1.1292289470303793
42.67624837914663 1.4739866503250854 -1.1235880253828823
42.88472584628384 1.4817424581640748 -1.1194654045409342
43.198451289505 1.475778890333413 -1.1173585609080627
43.36004934033284 1.479709021810795 -1.1178968967415353
43.505365862130404 1.4854313522733702 -1.1166302855565289
43.6981263915031 1.4817439645607022 -1.1180944680462068
43.70138149296386 1.4786420521861203 -1.1123208805336053
44.23352172848423 1.477512671315977 -1.1179801941193013
44.29575284204097 1.4448881651072718 -1.0981769668087664
44.458730987650995 1.4358451123044775 -1.097071920865693
44.796022532611524 1.4270757243043195 -1.0938989345023482
45.26118131443078 1.4132036252191427 -1.0945571902021343
45.32363580191754 1.4160534754246554 -1.0922730708954438
46.31034331920401 1.4192066847118106 -1.0892786010842406
46.64349315925398 1.4166595395245603 -1.0860834637707644
46.705329100729834 1.4086632766979668 -1.0894601730169562
46.75079411263183 1.404641513066783 -1.0856462714391482
47.20589156130467 1.4012659676880561 -1.0858331993001227
47.368916179710304 1.3984590215414308 -1.0862364369373934
47.41977183166898 1.3939426103030348 -1.0886381348947354
48.504842149322116 1.3857818240205195 -1.079545452005459
48.591573900162 1.381595024519754 -1.0740922861891236
48.88091439348429 1.3872475378380726 -1.0662448822915376
49.148480011538574 1.3844216355953698 -1.0667893569860138
49.28819839058741 1.3846408643797345 -1.067492961382569
49.317690001708485 1.3710632020863296 -1.0609543382511863
49.89502005844654 1.3659641382625993 -1.0575659902370242
50.23513783195753 1.3596733170677993 -1.0521943212371174
50.30721487790392 1.3644819041647154 -1.0518542020192128
50.32381462604544 1.3628191556551443 -1.0519342953223862
50.42780839867325 1.3533900902433051 -1.0492936461365827
50.454766597765946 1.3550807237785987 -1.0402707993855322
50.49829034956239 1.3484284601228977 -1.035300551018808
50.54287818781764 1.3433104897242192 -1.0330488207051456
50.699760936772776 1.345292301027415 -1.0327617698519196
50.92332486870161 1.3466902200992894 -1.0333764746368412
51.07544037757266 1.3421463414288448 -1.0317151770718562
51.166195571654704 1.3362574709489825 -1.0271734438591569
51.40118079870808 1.3383851033254301 -1.0287933138400749
51.49408734103276 1.3434111200758894 -1.02205751393819
51.72764412578814 1.3400502995042616 -1.022476682560334
51.77974803732624 1.3358850966319986 -1.024537817828332
51.95996502528102 1.3386120489884028 -1.0264264501165723
52.18788259479816 1.3346355388970352 -1.0250053713082028
52.23131285680205 1.3304730949613852 -1.0185353535662065
52.93022024467648 1.3334659407876022 -1.021067342848624
