0.050227496427347806 227.19905966953695 -140.6322747147102 true
0.09939901762305947 223.76146077344882 -135.99464399104428 true
0.1548323849355574 226.0933650107539 -134.67528547041056 true
0.2113106969446199 227.22622742416786 -134.55690768855973 true
0.24900194638188 226.3864969636348 -134.13096290509972 true
0.3405166740317961 226.2751117232118 -133.50460115811757 true
0.41189839867350764 226.68823179227758 -133.51591560171178 true
0.42150248681584024 228.33890012028655 -134.97712261708355 true
0.44632629455541206 227.29827795534575 -134.78683810361662 true
0.49063389210023556 227.16998542630282 -134.67887899201187 true
0.5009519430456998 227.38931883625216 -134.1132522162944 true
0.5506251897456144 227.533229959027 -134.006779279116 true
0.6749405775497376 227.87117679207506 -133.7999384674751 true
0.7857804524108161 227.1289299509284 -133.73615215068597 true
0.9308214965551961 227.74759532268695 -133.6843621207476 true
1.0053606392411445 227.66717665561865 -134.914451317581 true
1.0795324971898637 227.81326890736014 -135.44515013731188 true
1.2105196607066036 226.56431308112377 -135.20397649968615 true
1.2704410058019595 225.4204475780448 -135.00995316425522 true
1.3293040245826377 226.57833740987348 -134.82269548750503 true
1.3400876267131996 227.26031412099573 -134.80220756660762 true
1.4630600717560127 226.4476015937359 -134.60680528463615 true
1.5869760673532545 227.4876188084085 -134.4199309125509 true
1.5989397517340125 227.68178128899518 -134.30515726320587 true
1.6023507988456704 227.8912887276996 -134.27448150108182 true
1.665544528194367 227.87270489816754 -134.32383488080524 true
1.6892675488469884 228.12846288186293 -134.2665957408103 true
1.696987789199615 227.8627742622983 -134.25299145359668 true
1.7491940500739895 228.65388957988353 -134.14089153688926 true
1.804465060818123 228.39781982988652 -133.99315958659204 true
1.907046551836077 227.6590648701178 -133.93484736210746 true
1.9236688414062542 227.63177763972624 -133.93810729986723 true
2.395622547133933 228.191487929782 -133.8204343086883 true
2.431480659094058 230.41716400023935 -133.8100847096186 true
2.475146402926808 229.97476225293283 -134.2602540305658 true
2.6463547115690744 230.36679425533316 -134.26938913745784 true
2.778464179508245 231.70921949609772 -134.15113283400925 true
2.85424425536837 231.15887881194817 -134.11168161469007 true
2.9754101403667685 231.46368579610566 -134.08859666657474 true
3.139309696463248 231.17292470210558 -134.4588028014206 true
3.242980700616111 232.32881839965827 -134.3904450991224 true
3.5395856059752955 233.13938404396293 -134.81217722380774 true
3.815468825040081 234.91854072135206 -134.73063809894666 true
3.873325997569812 235.69555754792236 -134.36117465326518 true
4.073141483820856 235.82038090735253 -135.23498658513932 true
4.1254348348963985 236.55091098913832 -135.24676139276585 false
4.132699766923116 235.25502747470446 -135.77258103274224 true
4.157224921026526 236.31813813239984 -136.3301981934433 true
4.338965923021402 235.59611992061843 -136.67090111546358 true
4.537234277904909 235.97614021706008 -136.44484264686685 true
4.756802541860604 236.42935967551458 -136.17871406440423 true
4.814533312883292 236.8838646487823 -136.88909292720388 true
4.82421766722466 236.62297827912624 -137.31886555764996 true
4.864046324166315 235.64253998171446 -137.7280135823015 true
4.985847169593532 235.98105658326386 -137.5353291387924 true
5.105920607782485 235.56953152167233 -138.14633149550923 true
5.314925878608662 236.08670720655985 -137.58563052611802 true
5.822738333704811 236.74230284812091 -137.12291222898207 true
5.995163404529025 236.58134800150313 -137.6587040116106 true
6.484824722831038 235.76461091915417 -138.57373751286116 true
6.497927523523739 235.31979169998826 -139.31177392566607 true
6.548637897392682 235.97045043756268 -139.00509770009353 true
6.683280854032794 236.1192118240574 -138.82182835865282 true
6.717672841030192 237.40763870325654 -138.5389538184781 true
6.884203350656261 237.5064803637564 -138.11151938903458 true
6.942099030137041 237.9667618464674 -138.64143144600084 true
7.281306059555192 237.99030665337034 -139.05223965095044 true
7.666056679104401 238.94262739557234 -138.7762046398689 true
7.859314263735735 238.69887314453396 -139.71418967078935 true
8.057490499122586 237.8830419321849 -140.55546335322538 true
8.259179122439981 239.6495835395575 -140.34647908776162 true
8.354627425952902 239.23714167486457 -140.88355305052457 true
8.419875610002265 239.8905547265183 -140.65700193996034 true
8.46343212963326 239.43363842436736 -141.09768121238793 true
8.626865326253649 238.7358246922371 -141.43269161849676 true
8.701014548450974 238.9247463486042 -141.50224569557395 false
8.813017412604985 238.9638473544259 -141.20489015841042 true
8.822313080580102 239.09220030632926 -141.25319504972973 false
8.899466314197475 239.09220030632926 -141.25319504972973 false
8.90035934610961 238.81212467009357 -141.83553366164423 true
8.980606530735852 238.87667754574568 -141.36451358378744 true
8.991333474832887 238.92424223250373 -141.01562449752916 true
9.017613503724922 239.44571325094773 -140.64254268442383 true
9.112813232710302 239.76739017359697 -140.43961668303734 true
9.215403483267641 239.55592356715363 -140.98809485972401 true
9.278728162258263 240.41944124883804 -140.76847226112704 true
9.372819874037468 240.76303431070403 -140.66486336146315 true
9.396007731613427 241.51231225152867 -140.56375686739918 true
9.409923682932433 241.6409632575999 -140.31948251928262 true
9.41506150757552 241.73091612964808 -140.1825111263298 true
9.417950991816182 242.21704918552996 -140.12701823095605 true
9.458041948264002 242.35139825109383 -139.75633644561896 true
9.467045284788188 242.68635789393164 -139.60706426329094 true
9.48093662420515 242.14017656452373 -140.1764380487358 true
9.50717030171016 242.2201967610702 -140.03425116946107 true
9.592944264792207 242.70170176624018 -139.96026596079471 true
9.614863857812836 243.0487232262325 -139.8232221755498 true
9.721422073693107 243.2157263814397 -139.71856480382073 true
9.799826777506992 243.26675158413423 -139.6972713989321 true
9.840879959974574 243.36731386025681 -139.47514877312867 true
9.975300629302975 243.31360641445227 -139.34407926042851 true
10.096807407809582 243.0041352267696 -139.666907130157 true
10.246096124406774 244.32966157007255 -139.92700611901802 true
10.258909139036485 244.48262176331843 -139.65682619682084 true
10.265688034363011 244.76922590294606 -139.51538572416348 true
10.295784304772619 245.01475583425295 -139.43442547804935 true
10.314664281118501 245.57671217042386 -139.42611942347796 true
10.346725243701357 245.56395349020917 -139.1406637345763 true
10.514201710461773 246.00763340546897 -138.954045631562 true
10.601723145457496 245.7819733814703 -139.43772042338236 true
10.73941585192119 245.92642040794692 -139.48579375012164 true
10.836895806841616 245.99953430083053 -139.37598538398618 true
10.857415494471214 246.27433085415058 -139.3487159114251 true
10.8791477383132 246.42165803140827 -139.16098120630303 true
10.936071495331898 245.95192275524232 -139.53373125752137 true
10.995084257892524 246.05673883601943 -139.52376849117292 true
11.006990166140055 246.54746069521983 -139.59378846286273 true
11.056794062161684 246.79963905827887 -139.3779657228554 true
11.093700064305649 247.51149689661824 -139.5613817494571 true
11.13907640540235 247.81534529802647 -139.45633972489432 true
11.181763149984842 247.46717486926087 -139.85267649564298 true
11.286906861811714 248.09126738708554 -139.90450590975018 true
11.342431179204928 248.66547622002147 -139.8975746007195 true
11.362116930445637 249.28112025591196 -140.031821069267 true
11.388877228316375 249.63240318206536 -139.92764176503226 true
11.414289710031968 249.39889651110315 -140.26761626028792 true
11.510904678203485 249.86928035961472 -140.43828421271417 true
11.527611285781836 250.14021039307252 -140.4232087184248 true
11.529414561441838 250.70790588023365 -140.47166796344854 true
11.54391790156023 250.9816449741238 -140.30666119331914 true
11.603002791146578 250.99325475669357 -140.18487351590318 true
11.710999248805303 251.30052799157602 -140.1303881377012 true
11.768840230084326 252.29716777309088 -140.14472129389944 true
11.778478801930206 252.82916555398575 -140.23365958379796 true
11.795987268740173 253.06381293581282 -140.15310094593818 true
11.88823919884586 253.32152641578867 -140.1076619863028 true
11.911881399929038 253.61472608513103 -140.10451839182687 true
12.05033534528478 253.223680566972 -140.44413275024027 true
12.16378838733895 254.00906749110226 -140.4876782426149 true
12.291443683783918 254.71412952405035 -140.6364314483371 true
12.302042273693747 255.35722248822103 -140.7242449918723 true
12.314867153028846 255.28150013411613 -140.68396209278572 true
12.413429706931298 255.49152399728465 -140.78480384102411 true
12.486674781149663 256.28291098331397 -140.81004540867661 true
12.497458856525192 256.72004622916705 -140.93281448905367 true
12.584000260351884 256.83069444699913 -140.94332694532233 true
12.640894887593895 257.04131894544827 -140.8033372453567 true
12.649105380949935 257.66108131431326 -140.71839060792735 true
12.652566665284713 257.67989383403284 -140.4756057842914 true
12.676725166883664 258.22994020127993 -140.53788986962505 true
12.679384604438589 258.2171504084167 -140.4309368604806 true
12.705666070474281 258.1641290920268 -140.30793376393578 true
12.74554096907511 258.31249670869744 -140.17103239037516 true
12.816285402188768 258.54490585723437 -140.15078627385603 true
12.851710497344218 259.03952986492794 -140.3666087070594 true
12.909132040101632 259.127322834988 -140.43810409055627 true
12.933993628801183 259.46528217533444 -140.4443177491097 true
12.944892225886854 259.46182770458046 -140.36800548907527 true
13.511262655416733 258.75497536192864 -140.75625434981436 true
13.548658410055594 260.7399339928976 -141.39736212213333 false
13.733491060453927 261.3499454854276 -141.30046994019798 true
14.062395229880051 262.0094620513646 -141.50509648649177 false
15.028881482828673 259.808410216053 -142.78759619792623 true
15.081892077194116 262.95742394562586 -144.42607689447163 false
15.085705256648447 263.5504883244411 -142.5543283370226 true
15.125581101979748 264.8373511318325 -141.8689055481673 true
15.162451877538686 264.943039850371 -141.90513200313973 true
15.327690822458283 264.99070245211385 -141.436593149021 true
15.895437087039047 266.00891285741795 -140.91194533431124 true
15.947819604414507 268.89857720240974 -141.11477131868173 true
16.033095503900935 269.97648848678165 -140.9018059248553 true
16.044667041285685 270.3441470941513 -140.29356988701576 true
16.046068042085846 270.9798800187063 -140.59269510714844 true
16.189334645527786 271.4033846365381 -139.79317491115395 true
16.250319001459847 272.2835811579452 -139.93017535612992 true
16.269887500965964 272.6144640320445 -139.48511984735097 true
16.290444331798692 273.06266492980865 -139.84986991569792 true
16.36373417700575 272.82632938717705 -139.80792432692482 true
16.55242410849145 272.51179438342285 -139.46193137747784 true
16.64135220751341 273.1880727560635 -139.69088223396966 true
16.81552695730454 273.82560751164084 -139.48814337662645 true
17.63860825556138 274.0466902514971 -140.0109549721915 true
17.7872887354084 276.8853986039844 -140.55344484507796 false
17.887612246676433 277.5449117350804 -140.57576620604522 true
17.987176242918878 276.63794996957546 -141.6205836552804 true
18.149265698015995 276.1738508015708 -141.43404843967332 true
18.234717939991846 277.33198348159647 -141.6618107073509 true
18.29578839256137 276.6517281244469 -142.19703631233008 true
18.34200799099732 276.08353923130653 -142.44062191915984 true
18.52199018834902 277.0418954572424 -142.04203899801448 true
18.529034143333607 278.36757479382106 -142.56845255771626 true
18.566303863414745 278.9542450363697 -142.4261874282159 true
18.653161676213184 279.0851564599406 -142.45572860115524 false
18.67584584863183 278.3579416865946 -143.81788963199247 true
18.685092682996228 278.72519804935223 -143.43007436346426 true
18.871304964158554 278.67879776847667 -143.1195174051311 true
18.920635087924712 279.14743918957896 -143.73948071051922 true
18.99765064793096 279.29904976413917 -143.9669612309602 true
19.080781313024694 279.567585767164 -144.03175464022533 false
19.132807140014272 279.53267346062313 -143.95422437584125 true
19.148817128694578 279.05671937420107 -143.61283480674967 true
19.21337817753966 279.1381105741534 -143.58241255241805 true
19.395502184511983 278.9154578498299 -143.9779381099612 true
19.586636212461407 280.770955151868 -143.86927183349792 true
19.626192115708733 281.23933874038676 -143.68765228261807 true
19.768368964880207 280.9291729627237 -143.54384817554407 true
19.872301216042928 281.15286816973537 -144.46600848956783 true
19.967505817204415 281.9379138704921 -145.29848385659568 true
20.333785824328046 280.91863480792074 -146.196515867387 true
20.469943476282026 282.1597476428036 -146.5722528116148 false
21.253035614754655 280.8078378828979 -148.14341418459247 true
21.29729899792215 281.61514899816126 -150.75057458556128 true
21.300539688627946 279.1871295303755 -151.86932496175146 true
21.407168872974356 279.1970557461356 -151.87448370661988 false
21.44559956695879 278.0611625506437 -152.8740598253565 true
21.891728558208335 278.0887895522095 -153.6047705545303 true
22.088411980597222 277.9042239802242 -155.91713902114537 true
22.17662355538819 276.91178242878283 -157.99080985362568 true
22.67234610284298 275.7564029408068 -159.20307354506065 true
22.739485176931733 273.82186638913845 -159.6990257726914 true
22.810957080096 272.6277875655055 -160.96264821896685 true
22.939882275066253 269.7162639260212 -160.8797515762983 true
22.959328120226665 269.7544838128201 -161.2738184309368 false
23.159957758940006 268.7931600283784 -161.41357213362096 true
23.730536391783737 267.9915169158893 -162.16956365596684 true
23.954710536277307 266.4872166704901 -163.8639281922086 true
23.980962120479866 263.8928835209892 -166.73240741531623 true
24.098490804587847 264.83634374913964 -164.82547777055092 true
24.908258973789703 264.63518573884926 -165.12646155226426 false
25.16218991640507 265.70442355348393 -165.4402026275854 true
25.463756857397318 265.1944168882552 -166.04554924180408 false
26.080814078590066 264.771952727545 -166.32686686193904 true
26.39941648843891 264.8970829007805 -167.20416749627492 true
26.44879671899012 264.0384593148231 -167.69257813499723 false
26.488913090541644 265.0561710258032 -166.67259271711572 true
26.49337123408013 266.30893468148344 -165.82904192020953 true
26.53129892154178 266.1906955557062 -165.550246992749 true
26.77291482571999 266.09044969595436 -165.60659440723086 false
26.897098868905022 266.51088153388605 -166.0885062877987 true
26.972902490483687 265.89367093249064 -166.1058514955956 true
27.188015774659583 267.47778400677214 -166.04739990530726 true
27.216470684382077 266.5005223989668 -166.47062897767927 true
27.267804898523522 265.6114071493458 -166.46993764709705 true
27.314365836119933 266.0649438524995 -166.59665440248537 true
27.76466001654979 266.99194712088223 -166.59839479828398 true
27.83244564554632 264.86276038827185 -167.19226362681124 true
27.888866906948866 263.97333028192526 -166.6360320361561 true
27.938381310440644 264.5988562990471 -166.61946077583667 true
27.940629447793448 265.2499938707294 -166.67354252524072 true
27.96365078691091 265.94116950423887 -166.30670229818483 true
28.061150996947042 265.87316658311516 -166.1520942124677 true
28.42094439424048 266.7579787018897 -166.8261425285879 true
28.62080868633717 266.71794264323324 -167.20488406821576 true
28.646835288435195 267.8361958159566 -166.09633779993442 true
28.728299019437486 267.2600342629755 -165.8137091324343 true
28.77603544485677 267.63374646942674 -165.93767401666358 true
28.90980073235715 268.550771105882 -165.98653879313184 true
28.923118685970852 268.24395481370436 -166.19588841390416 false
28.96266352049061 268.62335696467414 -165.63062647229128 true
29.09873543688675 269.13590684169856 -165.63704761188941 true
29.11915277454752 268.9767296108561 -165.70856306655426 true
29.21285143113881 268.8005714747047 -165.97638096323058 true
29.217630234275124 268.97627439942727 -166.09924800128255 true
29.331667939210984 269.35110508857076 -166.2821856899607 true
29.445921047194748 269.5451139514252 -166.72431607767257 true
29.97963060898887 269.6165449468025 -166.93281475264786 true
29.990054304677688 269.2383636593616 -168.18020824653576 true
30.105631465264615 269.3815926712556 -168.93726442000312 true
30.2235060308755 269.3420436465943 -169.22904577332733 true
30.23291279462117 268.7366607131717 -169.6674683376 true
30.241649095777593 268.5694201941125 -169.04449705822435 true
30.3308592251768 268.536011778297 -169.07834187129382 true
30.385180077653665 268.2191089610603 -169.1396139466092 true
30.519814126737362 268.374727910098 -168.84383591125064 true
30.557233413924184 269.148260965978 -168.96731772406997 true
30.68018712871542 270.10335537680714 -168.55046152406763 true
30.791015111135003 269.7778993077984 -168.73012961865626 true
30.864912177357823 270.21491272729935 -169.19970339493776 true
31.042737416539456 270.08582351468414 -169.3291527628206 false
31.115530350252797 270.1149246218001 -169.1481828477176 true
31.517297924901555 269.77299432575825 -169.29184140677017 true
31.709732875372612 269.352138517209 -170.0429184619365 true
31.88429101966746 269.1395814985737 -170.39555103043128 true
31.907154343353234 269.53098047030807 -170.5403948055571 true
31.918546219277584 270.0242294064615 -170.86291180509733 true
32.13706181922981 270.62985220114496 -170.91518225536961 true
32.30783970761851 271.02657457181624 -171.166628857987 true
32.51549768435156 271.77601888803594 -171.56143885405308 true
32.524577887021834 272.5478186932161 -171.9561757899403 true
32.734306363681966 273.0418865729263 -172.26964486068337 true
33.1650798601233 272.7664619993218 -172.64537252180313 false
33.39585664249981 272.5354376275664 -172.59926441066304 true
33.58913479591448 273.2560108040897 -173.08297669714256 true
34.74149401857906 273.847977951344 -173.5112664869551 true
34.93919398325738 273.60703468605055 -174.2084475496653 true
35.201057659598014 275.2364489597443 -173.71931533748665 true
35.36531136418796 275.67142499786087 -173.3270637964375 true
35.816906396068454 276.2070226416725 -173.72891728466544 true
35.824371002460936 278.02372276941554 -174.62463951307976 true
36.17935936434786 279.9451589540017 -174.1170544246627 true
36.194453426195054 280.3874389853915 -174.37174780507934 true
36.713815799632776 279.5619532301941 -174.3392217430741 true
36.7466446478044 279.86055218605736 -174.91379086074812 true
36.91676843994174 280.6123407702995 -173.08379787134342 true
36.92206508662601 282.01704553538025 -173.38111609415364 true
37.39309602377528 282.61373957338145 -173.2577901363222 true
37.55388207888156 283.5161476215773 -173.85272377338606 true
38.087604628718786 283.96431870774165 -173.09781955846725 true
38.166429869211996 285.1812103020166 -174.08326113502739 true
38.33291609931597 285.88389220923955 -174.42275415002882 true
38.444922684217744 285.9621060606214 -174.62657848377376 false
38.86989172899215 286.66664061637204 -173.81722493751866 true
39.12827564758618 286.6607885190766 -173.70252830906543 true
39.20292284120573 286.4849230423739 -174.25074323665194 true
39.36257909168079 286.12304352846144 -174.46820235995077 true
39.543977581515065 286.1764113197681 -174.5734183259077 true
39.61854689805545 286.9269682412659 -174.44452444191674 true
39.75303272882625 286.8483554936919 -174.26143216834237 true
39.77851544874841 286.27944826432633 -174.20558773892384 true
39.85578981536283 286.7790797484448 -174.4531244132964 true
39.92153208096684 286.2451607320138 -174.4924339683236 true
40.04718675950881 286.7302611203019 -175.0616716692429 true
40.43073328445987 286.75314805086805 -175.2314054471516 true
40.56596792028834 286.31650758491753 -175.3040852121402 true
40.925697519463974 286.8736021948758 -175.42997461739245 true
41.031678789267175 286.7034400237295 -176.23551820555838 true
41.3134408328042 286.5357913807317 -175.8794973506244 true
41.381063461127475 286.4127523610066 -176.38252094719232 true
41.438458333719325 287.1265981576836 -176.6528237596489 true
41.49747575798734 286.63044107210857 -176.58656199813436 true
41.705604870756986 287.0601487799093 -176.5985469964452 true
41.71342311215001 287.27831119570953 -176.8320430104475 true
42.01411240693558 286.9142580852481 -176.6885777837653 true
42.264641829247786 286.7149152683014 -176.81183797902767 true
42.341259352195856 287.2612175838092 -176.97864694406914 true
42.57836528735929 287.4685396866617 -176.9878326718277 true
42.67624837914663 287.74436465366915 -176.83940928931182 true
42.88472584628384 288.66479041303177 -176.70277585085535 true
43.198451289505 288.65628333275373 -176.79747817153174 true
43.36004934033284 289.4584805336039 -177.24238002924528 true
43.505365862130404 290.2778230040043 -177.39234640387244 true
43.6981263915031 290.38849603992753 -177.70771928164652 true
43.70138149296386 290.5456163901508 -177.50054977765666 true
44.23352172848423 290.7567111659922 -177.99938743987167 true
44.29575284204097 291.09231997736623 -178.56265591273046 false
44.458730987650995 290.61680039868514 -178.4631811700069 true
44.796022532611524 290.2727875051094 -178.34598662080919 true
45.26118131443078 289.6130701423681 -178.7686206064449 true
45.32363580191754 290.5367746899484 -179.068728635582 true
46.31034331920401 291.2044290477121 -178.89372916925615 true
46.64349315925398 292.07264472558705 -179.56646478030547 true
46.705329100729834 291.747316405433 -180.44648665204002 true
46.75079411263183 291.78183200672714 -180.05337837536774 true
47.20589156130467 291.8836650275335 -180.19254343347993 true
47.368916179710304 292.3394582178724 -180.77611107659675 true
47.41977183166898 292.374479059669 -181.30414782405674 true
48.504842149322116 291.8528140711724 -180.28005148570873 true
48.591573900162 292.58623875055 -180.46081191508017 true
48.88091439348429 294.2255219394614 -179.35693086706777 true
49.148480011538574 294.53934685999764 -179.9317707425406 true
49.28819839058741 295.29315514866283 -180.47520981064474 true
49.317690001708485 293.99072861781957 -179.83230687615645 true
49.89502005844654 293.8436215110858 -179.58017859389653 true
50.23513783195753 293.91137582424864 -179.4685842493073 true
50.30721487790392 295.36713329282384 -179.9268660536579 true
50.32381462604544 295.67760041086837 -180.23451074738284 true
50.42780839867325 294.9327418728154 -180.10645438340563 true
50.454766597765946 295.6629683675933 -179.20014896835968 true
50.49829034956239 295.29130044266554 -178.82183561680972 true
50.54287818781764 295.118516620631 -178.81057850712978 true
50.699760936772776 295.73810753881486 -179.02612149936127 true
50.92332486870161 296.33281396198214 -179.42684502447008 true
51.07544037757266 296.32101156404667 -179.61006109260032 true
51.166195571654704 296.12187340507575 -179.4052124770673 true
51.40118079870808 296.7175371256197 -179.84451868362166 true
51.49408734103276 297.683782657033 -179.47825538549026 true
51.72764412578814 297.68136130171087 -179.7776956550212 true
51.77974803732624 297.70421144754766 -180.36129632515235 true
51.95996502528102 298.27229304672113 -180.76794168566025 true
52.18788259479816 298.2648263728661 -180.9148775443458 true
52.23131285680205 298.2642254232161 -180.5710062933921 true
52.93022024467648 298.83212081482327 -181.02924668921855 true
