0.050227496427347806 227.20133166013363 -140.63368103745734 true
0.09939901762305947 220.32382750135298 -131.3569668910458 true
0.1548323849355574 230.7014880395933 -132.03655523555068 true
0.2113106969446199 230.25972270216764 -134.20181524693805 true
0.24900194638188 222.97693275514314 -132.4286554334152 true
0.3405166740317961 225.75500285830043 -130.3749951505036 true
0.41189839867350764 228.2319640669499 -133.5837666155702 true
0.42150248681584024 233.99729863183745 -145.19185045309493 true
0.44632629455541206 222.29339520597935 -133.26697597664088 true
0.49063389210023556 226.1393023474963 -133.7091597902613 true
0.5009519430456998 227.969231723014 -128.4730728740978 true
0.5506251897456144 228.1962830092254 -132.83871924714032 true
0.6749405775497376 228.84040012750455 -131.33179989033079 true
0.7857804524108161 222.2349824744327 -132.93698996410748 true
0.9308214965551961 230.0484931413654 -132.9839166830294 true
1.0053606392411445 226.77206090473325 -152.62374999618697 true
1.0795324971898637 228.0903953644651 -143.61142588763445 true
1.2105196607066036 222.10922831379554 -131.25302237439774 true
1.2704410058019595 222.7154547265137 -131.7051817150305 true
1.3293040245826377 231.76323040042058 -131.47393584461628 true
1.3400876267131996 230.38107068542172 -134.41262879456048 true
1.4630600717560127 222.33675193508464 -130.72565238251994 true
1.5869760673532545 233.20523876213724 -130.52456217016766 true
1.5989397517340125 228.05750414117884 -131.80112197918402 true
1.6023507988456704 228.97494410805612 -133.57189994098525 true
1.665544528194367 227.7209059494116 -135.4949191336041 true
1.6892675488469884 229.27445673554675 -132.84180307319406 true
1.696987789199615 225.6064476783074 -133.90900692267186 true
1.7491940500739895 235.1589214806953 -131.12747185253417 true
1.804465060818123 225.14049149496878 -129.9232724140582 true
1.907046551836077 220.3271655166652 -132.29535911906476 true
1.9236688414062542 226.97571054055257 -134.03220851874366 true
2.395622547133933 233.24197542893938 -130.21474568785035 true
2.431480659094058 239.2400445584758 -133.39057863249747 true
2.475146402926808 226.59436080401358 -147.507791059268 true
2.6463547115690744 232.26239681574683 -134.52268015269857 true
2.778464179508245 237.12781966459565 -130.62054970676803 true
2.85424425536837 224.62015971288074 -133.01097813623545 true
2.9754101403667685 232.14298818624607 -133.40427623217386 true
3.139309696463248 226.83658423802572 -145.03642161792487 true
3.242980700616111 237.67003433411134 -132.35866854626096 true
3.5395856059752955 236.71435354197322 -146.79089639622316 true
3.815468825040081 239.67189234117208 -132.62403676157504 true
3.873325997569812 234.09115934593004 -127.43670824581166 true
4.073141483820856 235.26303108562504 -151.78333192977763 true
4.1254348348963985 304.28535003341074 -130.22293036421362 false
4.132699766923116 227.32237066980088 -145.13417511060277 true
4.157224921026526 243.71053966008316 -146.81707173504168 true
4.338965923021402 229.1503667938202 -143.37820707118368 true
4.537234277904909 234.59512205081086 -131.69010978324755 true
4.756802541860604 235.4128591220634 -130.61355896295254 true
4.814533312883292 235.50493047143993 -149.11044651254446 true
4.82421766722466 233.08649626790788 -145.34631560583574 true
4.864046324166315 226.31288798244643 -145.99364741641318 true
4.985847169593532 238.558535362563 -133.33021825298277 true
5.105920607782485 228.45074860230923 -150.98754392437155 true
5.314925878608662 239.27164618312935 -124.5282143163426 true
5.822738333704811 239.29662793775861 -125.71958933239594 true
5.995163404529025 226.5225491609175 -145.04436983699426 true
6.484824722831038 226.22750570461258 -155.09653561983433 true
6.497927523523739 227.2706354715572 -150.7866719485141 true
6.548637897392682 241.56491081631765 -132.86192374071234 true
6.683280854032794 237.1321733782994 -134.93439364992514 true
6.717672841030192 248.7933087918531 -131.22181604000275 true
6.884203350656261 238.35189216913662 -128.64038975553484 true
6.942099030137041 239.8683877054179 -148.82798871398057 true
7.281306059555192 236.8330564684061 -148.04892542258 true
7.666056679104401 243.94813693150886 -129.0665844356648 true
7.859314263735735 228.92797888532402 -156.3336444496859 true
8.057490499122586 225.75747418855974 -158.0148059975017 true
8.259179122439981 256.1830588789283 -131.83947057095008 true
8.354627425952902 230.76178374281005 -151.5368081429965 true
8.419875610002265 246.26507429713 -133.5353440975536 true
8.46343212963326 231.99338692122845 -151.73427651544864 true
8.626865326253649 228.39460379060296 -150.61801580428 true
8.701014548450974 292.9290659276374 -174.58273198731902 false
8.813017412604985 240.10594547713535 -133.6290550878599 true
8.822313080580102 290.8819647053305 -124.50937699685936 false
8.899466314197475 275.74818131974416 -177.81477470811325 false
8.90035934610961 233.66280732997828 -157.6088466054872 true
8.980606530735852 240.8794781741845 -128.49545784513103 true
8.991333474832887 239.23452054917774 -130.45908799067604 true
9.017613503724922 248.6507101476817 -128.5146627107439 true
9.112813232710302 245.27787241789548 -133.31358831256205 true
9.215403483267641 232.4343483321194 -157.2464920524644 true
9.278728162258263 254.54976862826538 -130.32093265274312 true
9.372819874037468 245.94662096659485 -135.48290781864844 true
9.396007731613427 253.70279854341504 -133.5979008627061 true
9.409923682932433 244.27215637936973 -131.26307649686373 true
9.41506150757552 243.59895132913414 -134.88744387820276 true
9.417950991816182 252.84119802669844 -136.50829878036149 true
9.458041948264002 246.48419878165691 -125.61194296511398 true
9.467045284788188 249.47341613089372 -132.06597936034564 true
9.48093662420515 226.5275270169882 -163.81794483857803 true
9.50717030171016 244.14780047808608 -133.8329375490672 true
9.592944264792207 254.43082742212403 -134.76210305991924 true
9.614863857812836 248.73437910729044 -130.99305731692232 true
9.721422073693107 247.06448377586406 -134.1936076360659 true
9.799826777506992 239.54612937512323 -136.03466189463586 true
9.840879959974574 243.2389936279449 -127.79821999194213 true
9.975300629302975 240.38138143862952 -132.91404816056604 true
10.096807407809582 227.08583207757005 -151.8453839896992 true
10.246096124406774 273.98112461737605 -142.83929589155622 true
10.258909139036485 242.51213970948038 -124.20699540849206 true
10.265688034363011 252.56492134096982 -131.8714824700243 true
10.295784304772619 251.92602743292218 -134.60999585430065 true
10.314664281118501 260.1648631727681 -135.701570991209 true
10.346725243701357 245.37874598784794 -125.64340568941111 true
10.514201710461773 258.41462660699915 -127.28882802256513 true
10.601723145457496 227.15474642265855 -157.24490253944603 true
10.73941585192119 244.96598073700707 -138.72636467118133 true
10.836895806841616 241.1560711458481 -131.0003344689569 true
10.857415494471214 249.00964014638748 -134.60525573065087 true
10.8791477383132 250.4609615459692 -129.68893409752246 true
10.936071495331898 229.04685746824015 -158.07885428183033 true
10.995084257892524 246.19686652124403 -137.2077865144746 true
11.006990166140055 257.89350281436134 -138.91677585677357 true
11.056794062161684 255.1004530159323 -127.58551098570291 true
11.093700064305649 266.1132736824815 -143.28999936520557 true
11.13907640540235 255.72701348756834 -131.65925183990765 true
11.181763149984842 230.71504165191334 -159.9079795681888 true
11.286906861811714 265.74201568768103 -137.82496452942206 true
11.342431179204928 260.02696007717134 -133.24652013530658 true
11.362116930445637 264.77735012417224 -141.53309090379668 true
11.388877228316375 260.5339750334317 -132.04826071558603 true
11.414289710031968 237.15139828116617 -158.06947496833112 true
11.510904678203485 263.36286102660233 -145.75986637923498 true
11.527611285781836 251.25367278741157 -134.6929120977548 true
11.529414561441838 269.0341362754658 -139.1619539350514 true
11.54391790156023 261.6935730253865 -129.9711766427788 true
11.603002791146578 250.6746757861311 -132.9827880591999 true
11.710999248805303 257.1946555232865 -133.0643834280208 true
11.768840230084326 277.4611238858728 -131.2356735648814 true
11.778478801930206 265.5017670705895 -139.53830845538255 true
11.795987268740173 261.08459627963566 -134.22468554152977 true
11.88823919884586 261.2878636310375 -135.4813270889739 true
11.911881399929038 254.16084889399565 -134.4268046206915 true
12.05033534528478 234.29061472827746 -159.23100058611908 true
12.16378838733895 266.7042250459153 -133.46007029229048 true
12.291443683783918 265.88070548049336 -139.96319354049928 true
12.302042273693747 262.5942496065889 -137.2774756004855 true
12.314867153028846 251.9979409425044 -138.8638145927984 true
12.413429706931298 260.60436143600117 -143.88089098748827 true
12.486674781149663 271.3142592070113 -135.1736656441757 true
12.497458856525192 262.47828708939727 -141.71424694609837 true
12.584000260351884 259.2142575675807 -140.55471648215672 true
12.640894887593895 255.1239770035902 -130.87918618850955 true
12.649105380949935 271.75350290752544 -132.73000327999176 true
12.652566665284713 258.29023805312664 -129.59747119674756 true
12.676725166883664 276.1896087636499 -141.10843289967633 true
12.679384604438589 255.28727796018433 -134.65429685703646 true
12.705666070474281 256.4177300322143 -134.73527249747352 true
12.74554096907511 260.9424631947478 -132.07744815640532 true
12.816285402188768 262.1290545731444 -136.5880419733716 true
12.851710497344218 267.30466421449177 -145.57079548569635 true
12.909132040101632 257.5331399915799 -141.93718870311096 true
12.933993628801183 264.4529760841763 -137.01728525936818 true
12.944892225886854 256.35664628712163 -135.65084645414248 true
13.511262655416733 228.87770656772335 -161.80499227190683 true
13.548658410055594 225.04824253822207 -164.04212910114927 false
13.733491060453927 269.80035376052876 -139.50360754921215 true
14.062395229880051 311.8631286207543 -166.19739537372138 false
15.028881482828673 229.67188545791183 -162.47140715576487 true
15.081892077194116 226.4895498487156 -168.12242168814578 false
15.085705256648447 265.808114623047 -134.2544763874292 true
15.125581101979748 272.1564535426322 -138.48720624443473 true
15.162451877538686 264.79336774589615 -141.72151441525324 true
15.327690822458283 264.26010373884066 -137.45402715175558 true
15.895437087039047 269.95630296114376 -134.762057213216 true
15.947819604414507 274.964736503005 -138.37778868939716 true
16.033095503900935 276.5219970491339 -139.26886322934527 true
16.044667041285685 270.74416340851764 -134.54406057332693 true
16.046068042085846 276.6533649265886 -143.44962208649454 true
16.189334645527786 275.3945471724155 -131.82654877242584 true
16.250319001459847 276.63801888665137 -139.8623797500785 true
16.269887500965964 273.900169507139 -133.56057417290017 true
16.290444331798692 278.05933075374503 -144.34337789350582 true
16.36373417700575 268.57933350319354 -138.82416016069283 true
16.55242410849145 264.1354519703742 -133.1545597341006 true
16.64135220751341 273.6172074635525 -140.36896021191086 true
16.81552695730454 278.7341184777054 -135.24396398315375 true
17.63860825556138 268.4697614469028 -145.4636557753666 true
17.7872887354084 301.036242761645 -184.81660508943827 false
17.887612246676433 281.74528026422746 -140.77600266330398 true
17.987176242918878 267.655635258202 -148.33238659451183 true
18.149265698015995 269.502448444351 -139.34246245440372 true
18.234717939991846 282.5787454341331 -142.71532926696912 true
18.29578839256137 267.2628492790943 -146.50654106514355 true
18.34200799099732 267.8554742194762 -144.38137121391816 true
18.52199018834902 286.19592995056087 -137.27055769545547 true
18.529034143333607 286.7252106809739 -147.16198655970777 true
18.566303863414745 286.11265404561044 -140.66099915728336 true
18.653161676213184 224.73441455362394 -165.55609380965248 false
18.67584584863183 268.608939010564 -162.15670750291255 true
18.685092682996228 282.887711807976 -137.57783179660086 true
18.871304964158554 277.3901904655579 -138.16837298505104 true
18.920635087924712 276.39694403882294 -150.82996816615764 true
18.99765064793096 278.9850334299373 -146.9762548767574 true
19.080781313024694 232.41349070242313 -166.11747794486797 false
19.132807140014272 278.931700322169 -142.64038534673335 true
19.148817128694578 267.3148931277102 -136.69027286142 true
19.21337817753966 279.6264174073141 -142.7622545920404 true
19.395502184511983 270.26947396766707 -150.59174708251425 true
19.586636212461407 303.7514362398285 -138.90819712502721 true
19.626192115708733 277.7186373321374 -137.35747599521474 true
19.768368964880207 272.59940007037784 -140.1494031354126 true
19.872301216042928 276.3392945621521 -159.37687316802962 true
19.967505817204415 290.06038873269205 -159.47700101279887 true
20.333785824328046 254.9892342881401 -162.02917481946324 true
20.469943476282026 224.6605761653164 -169.81795329174025 false
21.253035614754655 260.99985766495126 -171.33610041264373 true
21.29729899792215 271.86224857068936 -159.12062056577818 true
21.300539688627946 260.2954698717688 -158.59583688495596 true
21.407168872974356 222.32860249652575 -159.3240745746328 false
21.44559956695879 268.76139080262635 -160.8207377932428 true
21.891728558208335 277.53169741541296 -159.84405300655922 true
22.088411980597222 268.1483454720015 -165.12534816478052 true
22.17662355538819 265.62141657463826 -170.58420280875762 true
22.67234610284298 263.66205946280604 -167.74509063335609 true
22.739485176931733 254.70408978088457 -149.3705871274793 true
22.810957080096 262.2568862363504 -169.66007269419282 true
22.939882275066253 241.03081886627996 -156.59392796882568 true
22.959328120226665 266.0388924205297 -126.63055678404783 false
23.159957758940006 258.81830479516185 -162.49048230086368 true
23.730536391783737 259.4525925641527 -163.412371951627 true
23.954710536277307 259.4990449522247 -164.19671924137762 true
23.980962120479866 244.42903542121473 -187.5202761479577 true
24.098490804587847 273.99843358302456 -144.8195214234496 true
24.908258973789703 244.42866225979745 -126.35796226243478 false
25.16218991640507 277.1142400961221 -169.14815393992697 true
25.463756857397318 301.0748375946102 -144.86684971798041 false
26.080814078590066 260.2925255608775 -169.39270884530123 true
26.39941648843891 278.43387870209483 -165.26819729586174 true
26.44879671899012 301.72927697099163 -173.6633201106756 false
26.488913090541644 273.23173919876126 -157.63699140926445 true
26.49337123408013 278.5633391258314 -156.96538400279908 true
26.53129892154178 265.11173571753454 -162.44386658525232 true
26.77291482571999 232.49134348700292 -185.84212198340438 false
26.897098868905022 271.1667775872687 -171.8143893212609 true
26.972902490483687 262.5044938744729 -163.9973249777496 true
27.188015774659583 290.1664300228907 -163.86516996555426 true
27.216470684382077 261.2629439036759 -167.92008211012137 true
27.267804898523522 254.319031768024 -165.78419775863543 true
27.314365836119933 274.813521477797 -167.45056564115478 true
27.76466001654979 283.54102641095676 -165.60425625751554 true
27.83244564554632 253.00703171403072 -166.18212709575815 true
27.888866906948866 254.34196989021004 -157.2408470142762 true
27.938381310440644 275.7596533527105 -165.18570909428612 true
27.940629447793448 277.23822504000105 -166.46357238773857 true
27.96365078691091 277.2964981586244 -160.0606910958125 true
28.061150996947042 265.7049890422927 -162.75836839063268 true
28.42094439424048 287.2896146341708 -176.96491467014596 true
28.62080868633717 280.1077618011683 -164.7156847278907 true
28.646835288435195 292.4307961434215 -143.36483700452465 true
28.728299019437486 258.7968073213033 -160.1718547289084 true
28.77603544485677 277.37523623728634 -166.05207968747206 true
28.90980073235715 287.1464506922814 -165.76131714072082 true
28.923118685970852 303.84493660759307 -131.83586393327806 false
28.96266352049061 275.4861055807488 -154.7564041763353 true
29.09873543688675 280.80413663490776 -164.6835629653824 true
29.11915277454752 271.68978313910867 -162.74189240344086 true
29.21285143113881 266.1540048021346 -171.03261720879172 true
29.217630234275124 277.06135146940477 -165.5884599948758 true
29.331667939210984 278.03055039236403 -170.51679212719785 true
29.445921047194748 279.59374103192056 -172.9649071319414 true
29.97963060898887 276.81273367571316 -167.54243906326968 true
29.990054304677688 280.2033231760012 -173.3527914151002 true
30.105631465264615 272.37854661931226 -181.90855217736558 true
30.2235060308755 272.6433875166505 -170.87119546412742 true
30.23291279462117 262.0989577435264 -173.77670287853158 true
30.241649095777593 265.4819637817776 -156.34960324153647 true
30.3308592251768 268.21817695507343 -169.4487765469564 true
30.385180077653665 265.2190913971834 -166.9424395939002 true
30.519814126737362 273.77436463282913 -160.19786234870284 true
30.557233413924184 291.4464245698381 -166.86598175115287 true
30.68018712871542 293.0082108401591 -157.82069331117071 true
30.791015111135003 267.3355822773885 -167.8417635977821 true
30.864912177357823 285.2488173818865 -176.3089263199017 true
31.042737416539456 315.11492445443855 -184.4454100713926 false
31.115530350252797 270.6801211720741 -164.65338090789214 true
31.517297924901555 264.42495975000554 -169.51965615749077 true
31.709732875372612 274.61614359700314 -170.63453700803427 true
31.88429101966746 271.2753449069775 -170.47383264725485 true
31.907154343353234 282.8065891681256 -167.48926567115151 true
31.918546219277584 281.29311133461704 -177.37991635340293 true
32.13706181922981 284.26132685908897 -172.15893377844438 true
32.30783970761851 286.35184222273574 -168.72026699231537 true
32.51549768435156 293.0918134527351 -174.45997992286644 true
32.524577887021834 294.7046624514254 -173.4987285030987 true
32.734306363681966 284.4033186444865 -179.57118237283356 true
33.1650798601233 314.8063593375804 -154.99067603613287 false
33.39585664249981 267.5365399126319 -171.30329698853325 true
33.58913479591448 294.51591622177136 -175.53902762490597 true
34.74149401857906 291.08534583314844 -176.10438110418474 true
34.93919398325738 279.95992205361256 -159.2343809379848 true
35.201057659598014 291.0299636126037 -165.4588242499167 true
35.36531136418796 280.90149532194494 -164.1727207769357 true
35.816906396068454 282.4669627783521 -175.00900921910053 true
35.824371002460936 296.82428316907374 -175.6843471377724 true
36.17935936434786 301.2010561238816 -168.52404028101645 true
36.194453426195054 284.638980390645 -169.54798965563916 true
36.713815799632776 269.27584668993757 -173.2112678108019 true
36.7466446478044 280.80867566910683 -170.56157342373112 true
36.91676843994174 289.35135526484703 -147.80290088234514 true
36.92206508662601 300.2932251606279 -174.51468800642974 true
37.39309602377528 291.1926167675375 -171.42875379558063 true
37.55388207888156 292.7983110926266 -172.33171435609023 true
38.087604628718786 288.9602336212484 -158.27229852419254 true
38.166429869211996 297.5633581795088 -178.7004431419405 true
38.33291609931597 295.58163147877707 -178.01450323865214 true
38.444922684217744 248.47436820846013 -171.36444347816746 false
38.86989172899215 297.6210566432751 -160.9334347783744 true
39.12827564758618 282.6471312374799 -165.295276992485 true
39.20292284120573 281.33978226558946 -178.82177513744423 true
39.36257909168079 279.40562215977184 -176.5239794919067 true
39.543977581515065 285.5918103231051 -173.16230883837827 true
39.61854689805545 298.64694054432096 -168.5427559308146 true
39.75303272882625 284.57505078775 -169.3181259417223 true
39.77851544874841 273.5068703932777 -170.20671515709364 true
39.85578981536283 296.93991590200017 -178.90382151671696 true
39.92153208096684 273.7041067914153 -173.45820450568428 true
40.04718675950881 296.95475217265687 -185.90359448942726 true
40.43073328445987 285.63961568025803 -175.79111219918502 true
40.56596792028834 271.4956123199232 -167.55181661369025 true
40.925697519463974 297.84084038285346 -174.72196393017467 true
41.031678789267175 278.0174077814284 -184.9554471517847 true
41.3134408328042 281.4305211856896 -165.5726652434823 true
41.381063461127475 279.8279010679671 -180.8060901702385 true
41.438458333719325 302.90552702596926 -180.6453812878326 true
41.49747575798734 273.7621128284719 -173.885534856648 true
41.705604870756986 297.1718737484763 -175.04170872297996 true
41.71342311215001 289.762224235542 -176.83138699210818 true
42.01411240693558 277.26863853865154 -173.12627595475445 true
42.264641829247786 277.38461461180907 -172.12038328024005 true
42.341259352195856 297.7548196141355 -174.17283753644392 true
42.57836528735929 291.9040482379902 -174.9949986383624 true
42.67624837914663 291.9096383358211 -166.7719243324776 true
42.88472584628384 312.6050759391825 -169.65771958470586 true
43.198451289505 285.27253877184717 -173.81991972575656 true
43.36004934033284 305.7556437326261 -179.50443476327706 true
43.505365862130404 309.88562600605235 -175.98710520394127 true
43.6981263915031 290.7919434202214 -181.77310588943922 true
43.70138149296386 292.13339306124203 -166.86947712315308 true
44.23352172848423 296.14476906318663 -190.85880302447598 true
44.29575284204097 230.22283703367512 -137.6492202458759 false
44.458730987650995 278.96330942788313 -176.64869856499993 true
44.796022532611524 279.33407018477214 -172.29983957362637 true
45.26118131443078 268.4404560493751 -180.85543033974488 true
45.32363580191754 304.8689725812444 -175.02257236924123 true
46.31034331920401 305.7928588386559 -173.39848899485807 true
46.64349315925398 294.9342158529916 -174.0815586540828 true
46.705329100729834 283.57843239132154 -188.44965434250017 true
46.75079411263183 291.83043694092316 -173.0513070449483 true
47.20589156130467 293.06578287855643 -181.70033221733942 true
47.368916179710304 294.8516116423845 -182.67817185306407 true
47.41977183166898 291.11188120912163 -187.33398711963423 true
48.504842149322116 282.6549414384706 -161.56550869355172 true
48.591573900162 293.06727950369316 -170.92019284351105 true
48.88091439348429 314.9539346088561 -165.3044505081502 true
49.148480011538574 296.53072086428136 -184.136289731552 true
49.28819839058741 303.6638336486232 -184.81012095827805 true
49.317690001708485 272.23798147281065 -168.39741941696252 true
49.89502005844654 291.0617348923587 -175.30439780612014 true
50.23513783195753 288.9501938841405 -171.22669578740025 true
50.30721487790392 314.9580377779755 -183.04733309918407 true
50.32381462604544 300.11559649620676 -184.0914387687141 true
50.42780839867325 281.4251693370692 -177.60080174311565 true
50.454766597765946 307.8913856408956 -162.0775112596391 true
50.49829034956239 287.54966180019767 -171.42110562253333 true
50.54287818781764 290.9647183282466 -177.88878121550934 true
50.699760936772776 308.5816493455713 -182.73505314649717 true
50.92332486870161 307.42534317155634 -185.17635869026387 true
51.07544037757266 292.56253736954807 -179.60322923051353 true
51.166195571654704 289.0057346597084 -172.20015152297418 true
51.40118079870808 309.727871930441 -188.12647431093157 true
51.49408734103276 317.7979523442891 -166.4315872292663 true
51.72764412578814 295.9048955379772 -185.14685636581154 true
51.77974803732624 293.8759469003512 -189.81341487708238 true
51.95996502528102 312.3681996226468 -189.54414097277322 true
52.18788259479816 294.42033832750656 -180.7808761938632 true
52.23131285680205 293.99121481315296 -167.02381121898844 true
52.93022024467648 313.70852309570864 -191.71256688415923 true
