0.050227496427347806 0.0 0.0 true
0.09939901762305947 0.0 0.0 true
0.1548323849355574 1.1329420959251169 0.0 true
0.2113106969446199 2.465562362472826 0.0 true
0.24900194638188 0.41308215816905475 2.9489741501695697E-6 true
0.3405166740317961 0.07636553205040268 -3.4082475836043936E-7 true
0.41189839867350764 1.529460783856007 5.490375112011799E-5 true
0.42150248681584024 7.462320099071275 1.8046606658134659E-4 true
0.44632629455541206 3.1547402660686883 9.093423577668169E-5 true
0.49063389210023556 2.339060286146038 2.0492078784065748E-6 true
0.5009519430456998 2.804974548800465 -1.7861979953247747E-5 true
0.5506251897456144 3.2694779196485713 1.3799901337259777E-5 true
0.6749405775497376 3.981712489356233 7.643031015896528E-5 true
0.7857804524108161 -0.6121185885738022 -8.79205296254024E-5 true
0.9308214965551961 1.6714641629863556 -3.602490410896332E-4 true
1.0053606392411445 0.7514291538121346 9.696561109772664E-5 true
1.0795324971898637 0.99049244296748 -0.001408370872096406 true
1.2105196607066036 -2.285681631507646 0.00321469543591737 true
1.2704410058019595 -4.152480062491631 0.01494335353793592 true
1.3293040245826377 -1.191717923145395 0.002614025971975615 true
1.3400876267131996 0.32561841502724265 -0.0013252648720101948 true
1.4630600717560127 -1.3095850177763346 0.002964031714800945 true
1.5869760673532545 0.9140001742633853 -0.004183704716533632 true
1.5989397517340125 1.0525220464353204 -0.002555840405880631 true
1.6023507988456704 1.387814220727489 -0.006352266878296686 true
1.665544528194367 1.348284475836512 -0.0032725880820429517 true
1.6892675488469884 1.628909507409637 -0.007469784875930382 true
1.696987789199615 1.1335744434526627 -0.00274216885035048 true
1.7491940500739895 2.402276538817785 -0.011008372401940542 true
1.804465060818123 1.7973762188990474 -0.004245540787067116 true
1.907046551836077 0.5002193233577478 -0.0022373009835131236 true
1.9236688414062542 0.38377820563126686 -8.253834195428227E-4 true
2.395622547133933 1.1975768790393608 -0.005319818273514157 true
2.431480659094058 3.1371283595289716 -0.003271035512244981 true
2.475146402926808 2.500834502286407 -0.010410942237199758 true
2.6463547115690744 2.8200549972967273 -0.003937261159863636 true
2.778464179508245 3.7138761164434277 -0.019764755414747117 true
2.85424425536837 2.696549376555913 -0.0027433433961182147 true
2.9754101403667685 2.791857478616565 -0.015393846564422707 true
3.139309696463248 2.2230095916215267 -0.0024062596596692927 true
3.242980700616111 2.9004803192865345 -0.026719385316633103 true
3.5395856059752955 3.3247520428212165 -0.00756907752093629 true
3.815468825040081 3.8931480953080335 -0.06922010495521291 true
3.873325997569812 3.7000867567263085 -0.013682099165655397 true
4.073141483820856 3.656126534162 -0.058517307419363826 true
4.1254348348963985 3.656126534162 -0.058517307419363826 true
4.132699766923116 2.9058242618224597 -0.04716378554365655 true
4.157224921026526 3.5243748882597803 -0.05996899505415901 true
4.338965923021402 3.058376722645834 -0.061358847228987816 true
4.537234277904909 2.9541508246621633 -0.14861065343981325 true
4.756802541860604 2.875524746680953 -0.14178794516675686 true
4.814533312883292 2.7988224008695823 -0.20850735439741386 true
4.82421766722466 2.5974009239136624 -0.15227983924984614 true
4.864046324166315 2.0993103352812277 -0.16018474675722427 true
4.985847169593532 2.223562588451326 -0.1491684701514497 true
5.105920607782485 1.8964354218367632 -0.18519594166053546 true
5.314925878608662 2.022729398468364 -0.18487169595615954 true
5.822738333704811 2.113139312448372 -0.27086108986042073 true
5.995163404529025 1.611258490548316 -0.22746367125730713 true
6.484824722831038 1.1955771661230121 -0.18624504945633408 true
6.497927523523739 0.815024105788097 -0.21671335939015965 true
6.548637897392682 1.0595644072220791 -0.16933030741452282 true
6.683280854032794 1.062834014879825 -0.29592852177545953 true
6.717672841030192 1.4966826424811122 -0.27901858344053676 true
6.884203350656261 1.4675517804851683 -0.4158363526227775 true
6.942099030137041 1.5934756596500503 -0.3224955194559236 true
7.281306059555192 1.557744623944656 -0.4518714438539957 true
7.666056679104401 1.6973324759065804 -0.415145550073515 true
7.859314263735735 1.4234595401923325 -0.4566863238460918 true
8.057490499122586 1.1291342211880855 -0.31022010181075227 true
8.259179122439981 1.5655007980953357 -0.575799198022226 true
8.354627425952902 1.3889619688508834 -0.42393245617342723 true
8.419875610002265 1.4987892534403917 -0.5789234331431659 true
8.46343212963326 1.3860897120303897 -0.4355284404435127 true
8.626865326253649 1.14761687712036 -0.4516731093716763 true
8.701014548450974 1.14761687712036 -0.4516731093716763 true
8.813017412604985 1.1573711416358838 -0.39711301790031367 true
8.822313080580102 1.1573711416358838 -0.39711301790031367 true
8.899466314197475 1.1573711416358838 -0.39711301790031367 true
8.90035934610961 1.0897454179127022 -0.4470564001313691 true
8.980606530735852 1.101864076462608 -0.37822824670098476 true
8.991333474832887 1.0385360531611787 -0.43690589757361536 true
9.017613503724922 1.191000532698778 -0.4100551680739391 true
9.112813232710302 1.2305526077300057 -0.5199478602769516 true
9.215403483267641 1.1971424386518275 -0.417812253056754 true
9.278728162258263 1.360668669464924 -0.5843676161878382 true
9.372819874037468 1.461909303735206 -0.5141455226420492 true
9.396007731613427 1.5869001777545966 -0.6865505762417595 true
9.409923682932433 1.638847392886038 -0.5770842265850914 true
9.41506150757552 1.6036910510812754 -0.6940371793672093 true
9.417950991816182 1.783865766223513 -0.628191476084521 true
9.458041948264002 1.7465364805962242 -0.755855427836922 true
9.467045284788188 1.8597938237742158 -0.6543287483122676 true
9.48093662420515 1.6885964108523557 -0.7305894289876188 true
9.50717030171016 1.7410837900855707 -0.6125912187242175 true
9.592944264792207 1.8120528433953829 -0.7839341068734718 true
9.614863857812836 1.9034684340656893 -0.6690080636556242 true
9.721422073693107 1.878940339446394 -0.8125158604711116 true
9.799826777506992 1.880194442896307 -0.6588737550944922 true
9.840879959974574 1.7955213417950542 -0.7750524295074398 true
9.975300629302975 1.7963929046000051 -0.6285091689288127 true
10.096807407809582 1.612586263652574 -0.6928756139469903 true
10.246096124406774 1.9933334483602225 -0.6975096653982846 true
10.258909139036485 1.873227022765884 -0.8014412513078272 true
10.265688034363011 1.9849761974998745 -0.6940236721806786 true
10.295784304772619 1.9900745498453718 -0.8510065296937811 true
10.314664281118501 2.181922715554794 -0.7606765979770855 true
10.346725243701357 2.0867833212380194 -0.8907434327684244 true
10.514201710461773 2.232002313479042 -0.7751272690911284 true
10.601723145457496 2.047900113927478 -0.8568833560864128 true
10.73941585192119 2.0873717013068234 -0.7222133807327045 true
10.836895806841616 1.9669984039991815 -0.8192788910501166 true
10.857415494471214 2.0281605837585843 -0.6984910606718361 true
10.8791477383132 1.991559903004734 -0.8285677134646466 true
10.936071495331898 1.9335535262177703 -0.6645863924825256 true
10.995084257892524 1.8826415804310241 -0.7830236404944337 true
11.006990166140055 2.030149588335558 -0.6973468077018271 true
11.056794062161684 2.022762811281265 -0.8410434180374113 true
11.093700064305649 2.2449666144736447 -0.7688103300765096 true
11.13907640540235 2.237730291572534 -0.9282415090627398 true
11.181763149984842 2.2039957650944415 -0.7517528899430684 true
11.286906861811714 2.288766094101861 -0.9483675027441779 true
11.342431179204928 2.4240555876021372 -0.8225238696677892 true
11.362116930445637 2.49420693123687 -1.0298741048093936 true
11.388877228316375 2.6240470554712245 -0.8888830283452718 true
11.414289710031968 2.5102307480636648 -1.0340134059151715 true
11.510904678203485 2.689095965079853 -0.9096837477058839 true
11.527611285781836 2.6208669274209084 -1.0746151640201895 true
11.529414561441838 2.8196580156181272 -0.9528702496121702 true
11.54391790156023 2.8072159210936656 -1.150876222178288 true
11.603002791146578 2.855989566396152 -0.9637453774172277 true
11.710999248805303 2.815949326245234 -1.1486293491035842 true
11.768840230084326 3.0476449125713536 -1.0167238931394145 true
11.778478801930206 3.0644621483272454 -1.2400996762218215 true
11.795987268740173 3.179944315983861 -1.0591386477782918 true
11.88823919884586 3.151205343904355 -1.2718149887587786 true
11.911881399929038 3.221538088253781 -1.055423791242134 true
12.05033534528478 3.0589866134069426 -1.2302082935869705 true
12.16378838733895 3.2101393210198648 -1.03935831328511 true
12.291443683783918 3.20975697269324 -1.2732081421624657 true
12.302042273693747 3.3380660557237958 -1.0567410906689045 true
12.314867153028846 3.2277040797789667 -1.2778764821942041 true
12.413429706931298 3.351878628167411 -1.0585544246314604 true
12.486674781149663 3.3601184396398898 -1.3109813324022082 true
12.497458856525192 3.487867818389654 -1.08142265387322 true
12.584000260351884 3.4158616987546386 -1.3297408274364229 true
12.640894887593895 3.474982569926724 -1.0555835707685408 true
12.649105380949935 3.459174032496035 -1.3306353697042528 true
12.652566665284713 3.5294683320408526 -1.0693165879396844 true
12.676725166883664 3.549897079883503 -1.364224756078315 true
12.679384604438589 3.6140476355380375 -1.0855871555984864 true
12.705666070474281 3.5017376425865336 -1.3447418728759577 true
12.74554096907511 3.595245688808338 -1.0711625495280446 true
12.816285402188768 3.51820899467174 -1.3375469392877006 true
12.851710497344218 3.6719741598427076 -1.0714015093168747 true
12.909132040101632 3.5707501898902843 -1.3468647178064805 true
12.933993628801183 3.690548649364749 -1.0620765282761708 true
12.944892225886854 3.569168045208601 -1.339824674024738 true
13.511262655416733 3.5437547267699587 -1.0173820100706736 true
13.548658410055594 3.5437547267699587 -1.0173820100706736 true
13.733491060453927 3.5140515903324134 -1.2639453947648776 true
14.062395229880051 3.5140515903324134 -1.2639453947648776 true
15.028881482828673 3.4746984927879034 -0.9120704618814233 true
15.081892077194116 3.4746984927879034 -0.9120704618814233 true
15.085705256648447 3.0390866351446713 -2.4753780007321824 true
15.125581101979748 3.5012711221825734 -0.9190767415826256 true
15.162451877538686 2.8144341985560044 -2.251970706626241 true
15.327690822458283 3.506523327275556 -0.8934781917077598 true
15.895437087039047 2.8571469770831146 -2.1186610436189803 true
15.947819604414507 3.9197011608336743 -0.37097769745170384 true
16.033095503900935 2.9544708783161253 -2.10985138663507 true
16.044667041285685 3.7127122619010215 -0.24877694908749864 true
16.046068042085846 3.002292286681436 -2.126878704974823 true
16.189334645527786 3.682944831695765 -0.24523701377276166 true
16.250319001459847 3.0362571916611425 -1.9530752480273017 true
16.269887500965964 3.7327521841177917 -0.18406480707590847 true
16.290444331798692 3.132439639378562 -1.990645956938915 true
16.36373417700575 3.7165300852679546 -0.16415582742350418 true
16.55242410849145 3.1062324617467323 -1.9034125336140753 true
16.64135220751341 3.7567354475052555 -0.029589480767155493 true
16.81552695730454 3.1456489341406724 -1.8592220529798047 true
17.63860825556138 3.742454051648306 0.0816694203434809 true
17.7872887354084 3.742454051648306 0.0816694203434809 true
17.887612246676433 3.1717928908155435 -1.407011576376371 true
17.987176242918878 3.701549554992426 0.1479876463303985 true
18.149265698015995 3.3313685982102417 -1.5000805115389704 true
18.234717939991846 3.6345998999867306 0.08688637340413036 true
18.29578839256137 3.3175750430150144 -1.5112689924017668 true
18.34200799099732 3.597105994838618 0.052393663851607326 true
18.52199018834902 3.3092776484212334 -1.544450779990048 true
18.529034143333607 3.633714288263079 -0.018248652918738065 true
18.566303863414745 3.3408218234199034 -1.5614992577351847 true
18.653161676213184 3.3408218234199034 -1.5614992577351847 true
18.67584584863183 3.674698974835135 -0.023703076841747047 true
18.685092682996228 3.3363079916920992 -1.5715821908895042 true
18.871304964158554 3.673816618414974 -0.026753888493748542 true
18.920635087924712 3.3241075650855305 -1.6197191836445064 true
18.99765064793096 3.668575643746604 -0.043496911333969095 true
19.080781313024694 3.668575643746604 -0.043496911333969095 true
19.132807140014272 3.302466208767693 -1.6378638759282855 true
19.148817128694578 3.6300796971036533 -0.058262710276782065 true
19.21337817753966 3.2594078078333246 -1.6216836829015657 true
19.395502184511983 3.6139935629415674 -0.07427967555093987 true
19.586636212461407 3.292361311291632 -1.702087174177393 true
19.626192115708733 3.6549887685550115 -0.08915391730852001 true
19.768368964880207 3.2303820773925254 -1.6714888826860776 true
19.872301216042928 3.6291965394675243 -0.09814018648653185 true
19.967505817204415 3.260567833668201 -1.716540219299703 true
20.333785824328046 3.5926752854928834 -0.12436007573065333 true
20.469943476282026 3.5926752854928834 -0.12436007573065333 true
21.253035614754655 3.1473125269150968 -1.9049368484261229 true
21.29729899792215 2.889895864377124 -1.1551632471100801 true
21.300539688627946 2.9206557739807404 -1.8889227542679197 true
21.407168872974356 2.9206557739807404 -1.8889227542679197 true
21.44559956695879 3.1810113483151348 -1.2849845573921364 true
21.891728558208335 2.824146789148325 -2.0205678882550426 true
22.088411980597222 2.0837989838268167 -2.7868491888162383 true
22.17662355538819 2.051851353520506 -2.4954805020592925 true
22.67234610284298 1.7103068652981417 -2.9363376277907602 true
22.739485176931733 0.10610748264871343 -3.671435361979482 true
22.810957080096 1.3103349801849011 -2.8184353367816937 true
22.939882275066253 -0.17009042270455293 -3.2785913229628068 true
22.959328120226665 -0.17009042270455293 -3.2785913229628068 true
23.159957758940006 0.7568079965123139 -2.8115454152384416 true
23.730536391783737 -0.8713145248863865 -3.3009127928404984 true
23.954710536277307 -1.4174221894637313 -2.4032366427617773 true
23.980962120479866 -1.4149713384825358 -2.648892483795532 true
24.098490804587847 -1.6577322079628596 -2.6042528887459166 true
24.908258973789703 -1.6577322079628596 -2.6042528887459166 true
25.16218991640507 -1.781840451717806 -2.541068342864958 true
25.463756857397318 -1.781840451717806 -2.541068342864958 true
26.080814078590066 -2.2374881131160875 -2.2291146966980255 true
26.39941648843891 -2.9287273990009273 -1.4040553736429342 true
26.44879671899012 -2.9287273990009273 -1.4040553736429342 true
26.488913090541644 -2.43447676748763 -1.6460415813285951 true
26.49337123408013 -2.7729945480886498 -1.28583119105813 true
26.53129892154178 -2.5202304263738133 -1.70192627691374 true
26.77291482571999 -2.5202304263738133 -1.70192627691374 true
26.897098868905022 -2.77972901279557 -1.2757157193764 true
26.972902490483687 -2.5444557540487938 -1.674746922072084 true
27.188015774659583 -2.7728251234575745 -1.2488762785116436 true
27.216470684382077 -2.5376734109250725 -1.686914809081131 true
27.267804898523522 -2.7821615453537785 -1.2522264954539282 true
27.314365836119933 -2.540296421024623 -1.6798782124415526 true
27.76466001654979 -2.7666466772290232 -1.242543614491771 true
27.83244564554632 -2.52333774595899 -1.7183200435826713 true
27.888866906948866 -2.7740901110744125 -1.2374800623406965 true
27.938381310440644 -2.497493658022347 -1.6920840079649802 true
27.940629447793448 -2.739999906188083 -1.224651157702434 true
27.96365078691091 -2.4623965444216105 -1.668765573185551 true
28.061150996947042 -2.705736259615318 -1.2169732421334798 true
28.42094439424048 -2.439664580156309 -1.6878523219893382 true
28.62080868633717 -2.6027200633151053 -1.3062274315719213 true
28.646835288435195 -2.2862541808586365 -1.7007880297094993 true
28.728299019437486 -2.52063382576568 -1.2942214991320542 true
28.77603544485677 -2.2303868150531643 -1.745647050765564 true
28.90980073235715 -2.452182344636883 -1.3045477267688972 true
28.923118685970852 -2.452182344636883 -1.3045477267688972 true
28.96266352049061 -2.108011891349731 -1.802308897662072 true
29.09873543688675 -2.3820820980868707 -1.3085283968355708 true
29.11915277454752 -2.002960540511121 -1.8732234431608834 true
29.21285143113881 -2.379876438872279 -1.327053127903795 true
29.217630234275124 -1.9476011688307455 -1.9130252657612412 true
29.331667939210984 -2.3597261067411126 -1.3195553074614517 true
29.445921047194748 -1.888031401354096 -1.9553596995305211 true
29.97963060898887 -2.292648345602797 -1.3586581203575125 true
29.990054304677688 -1.700194143507956 -2.181081188622017 true
30.105631465264615 -2.312477908202105 -1.377754350155453 true
30.2235060308755 -1.6266150074595231 -2.1680444230264735 true
30.23291279462117 -2.2911954158106336 -1.4221733737431739 true
30.241649095777593 -1.6154181797430878 -2.1573338116120655 true
30.3308592251768 -2.288010379879952 -1.4233352257641365 true
30.385180077653665 -1.6030299835072332 -2.181013158311619 true
30.519814126737362 -2.2535915399691606 -1.4167985813514707 true
30.557233413924184 -1.526918178325899 -2.1396764002233675 true
30.68018712871542 -2.1396388182894124 -1.361439707900615 true
30.791015111135003 -1.4443847621549535 -2.12482200633944 true
30.864912177357823 -2.090886980155875 -1.3854459769452305 true
31.042737416539456 -2.090886980155875 -1.3854459769452305 true
31.115530350252797 -1.3965046055251866 -2.1084472450425764 true
31.517297924901555 -2.082092453431868 -1.4137614737287973 true
31.709732875372612 -1.3097294568969362 -2.21697108433888 true
31.88429101966746 -2.0163209320095112 -1.4476292566479299 true
31.907154343353234 -1.221258409333435 -2.173328841747391 true
31.918546219277584 -1.9881097623538968 -1.4388827145098104 true
32.13706181922981 -1.187086194093582 -2.121868079497327 true
32.30783970761851 -1.8405240873726454 -1.4477819175900846 true
32.51549768435156 -1.0853450253305914 -2.110097200021494 true
32.524577887021834 -1.681156852481124 -1.4682901006657905 true
32.734306363681966 -1.035672590509494 -2.025849672707399 true
33.1650798601233 -1.035672590509494 -2.025849672707399 true
33.39585664249981 -1.5976106564625034 -1.5637939821148732 true
33.58913479591448 -0.9294954203966805 -2.076051884418763 true
34.74149401857906 -1.4561837658905088 -1.5827837978060766 true
34.93919398325738 -0.3360835863388646 -2.397264009965873 true
35.201057659598014 -1.1012497818062514 -1.5164212779522728 true
35.36531136418796 0.05749972438196519 -2.178097279901348 true
35.816906396068454 -0.8153965119733101 -1.5661913328343182 true
35.824371002460936 0.6633900633474874 -2.225252716153987 true
36.17935936434786 -0.8331156709562186 -1.625406391337814 true
36.194453426195054 1.12713904462571 -2.046175987295038 true
36.713815799632776 -0.7985912432010072 -1.6026726583876418 true
36.7466446478044 1.581415586159948 -1.9317792886885765 true
36.91676843994174 -0.7030237295112162 -1.4678028594793244 true
36.92206508662601 1.2798425290780198 -1.4009018869637224 true
37.39309602377528 -0.7114985947575986 -1.493069572511379 true
37.55388207888156 1.695585427788088 -1.4976884072658907 true
38.087604628718786 -0.5012126246745314 -1.2292496254475314 true
38.166429869211996 1.7330722808861723 -1.2831246627205282 true
38.33291609931597 -0.5410804031236494 -1.4114634984540089 true
38.444922684217744 -0.5410804031236494 -1.4114634984540089 true
38.86989172899215 1.438499619696517 -1.0075545400736972 true
39.12827564758618 -0.2571715510724772 -1.0230918584399549 true
39.20292284120573 1.4596988604072896 -0.9439095110417122 true
39.36257909168079 -0.3444871357309689 -1.4655712590585963 true
39.543977581515065 1.4255597104771545 -0.8768515632854759 true
39.61854689805545 -0.28817721597724344 -1.401204274299801 true
39.75303272882625 1.3476201264009187 -0.8108430932140178 true
39.77851544874841 -0.26189808881264887 -1.40732776639139 true
39.85578981536283 1.3228221253898453 -0.7909382072731428 true
39.92153208096684 -0.2592380248340029 -1.4624572416843453 true
40.04718675950881 1.3669269225265253 -0.8065449681058077 true
40.43073328445987 -0.24917348203752526 -1.499756914560977 true
40.56596792028834 1.4284993351464867 -0.7932019544336003 true
40.925697519463974 -0.23239505026320836 -1.4759286258988287 true
41.031678789267175 1.4499404075996085 -0.7675629766573476 true
41.3134408328042 -0.22502695934500772 -1.4711563026625065 true
41.381063461127475 1.3853238505894439 -0.7155156448642035 true
41.438458333719325 -0.230404606079115 -1.5241431053890824 true
41.49747575798734 1.3612099746553967 -0.7000013875884915 true
41.705604870756986 -0.22596442939448474 -1.5078821414310455 true
41.71342311215001 1.389303561420837 -0.7053618361128535 true
42.01411240693558 -0.22323908048719 -1.4916228001416747 true
42.264641829247786 1.3432817046764185 -0.6729017480719682 true
42.341259352195856 -0.2127871232862924 -1.4546096230196246 true
42.57836528735929 1.335015785297766 -0.6663073956220592 true
42.67624837914663 -0.20055749828132408 -1.420632004958046 true
42.88472584628384 1.3264241744639662 -0.6578690662644401 true
43.198451289505 -0.18659452340006244 -1.4062275731646126 true
43.36004934033284 1.3845878161744538 -0.6687313951031802 true
43.505365862130404 -0.1855866558460447 -1.4751499863207016 true
43.6981263915031 1.4132423686358992 -0.6706528946427361 true
43.70138149296386 -0.16998637563043442 -1.4494000822223425 true
44.23352172848423 1.4007568048664025 -0.6644848569658002 true
44.29575284204097 1.4007568048664025 -0.6644848569658002 true
44.458730987650995 -0.1372432036771202 -1.4300136839642978 true
44.796022532611524 1.359315945252976 -0.6383301770497883 true
45.26118131443078 -0.12821655683333952 -1.4318840977419742 true
45.32363580191754 1.3198785649543028 -0.6250700034856912 true
46.31034331920401 -0.12973429760466718 -1.4672609267568903 true
46.64349315925398 1.4839563348592664 -0.6400813860042868 true
46.705329100729834 -0.09412673401416255 -1.388793429019359 true
46.75079411263183 1.331593015431306 -0.5735456564662312 true
47.20589156130467 -0.09677022383820566 -1.4489469929439664 true
47.368916179710304 1.3885927095336796 -0.5840726146638966 true
47.41977183166898 -0.09369104246818674 -1.47320031667087 true
48.504842149322116 1.2932405530547775 -0.5434855272624908 true
48.591573900162 -0.06017633448597222 -1.2949136154114196 true
48.88091439348429 1.2531050089064895 -0.5212656710984791 true
49.148480011538574 -0.0066757460095826756 -1.227265631758361 true
49.28819839058741 1.3990745004958176 -0.5379039656914075 true
49.317690001708485 0.014752704338937448 -1.2571528602064865 true
49.89502005844654 1.2159411313003738 -0.46419849290564 true
50.23513783195753 0.0694253188035285 -1.109629832858382 true
50.30721487790392 1.2978377969671337 -0.4593363933137642 true
50.32381462604544 0.0914415336415004 -1.2976917531457222 true
50.42780839867325 1.2236371876836636 -0.4309756695325631 true
50.454766597765946 0.09601903717017046 -1.2319671005258974 true
50.49829034956239 1.1596929159488036 -0.4051362837559607 true
50.54287818781764 0.09793339304032303 -1.1978340332657125 true
50.699760936772776 1.1828093642572177 -0.4088316112609835 true
50.92332486870161 0.11595370066350706 -1.2355706571525678 true
51.07544037757266 1.247011055490987 -0.40999636631928676 true
51.166195571654704 0.12479054119524072 -1.2042928726876907 true
51.40118079870808 1.2314566981165351 -0.3982789954395828 true
51.49408734103276 0.14325324703828504 -1.2300170645324873 true
51.72764412578814 1.2417630896827483 -0.39350196715543545 true
51.77974803732624 0.16380995769112522 -1.2579605282299304 true
51.95996502528102 1.29538765739156 -0.40730503430136744 true
52.18788259479816 0.18109774102789908 -1.3107852050511843 true
52.23131285680205 1.2668654391063279 -0.38701394219323704 true
52.93022024467648 0.186712371017565 -1.3351595164469638 true
