0.050227496427347806 206.54666514557601 -127.84880094314303
0.09939901762305947 213.10721864832695 -129.51935615643006
0.1548323849355574 218.97485877744438 -130.3588350800026
0.2113106969446199 222.4277815365544 -131.48961972679427
0.24900194638188 223.09435464582148 -131.88119106540103
0.3405166740317961 224.13558648463805 -131.5949216794263
0.41189839867350764 226.34612194622514 -132.38778895323895
0.42150248681584024 229.71323586151243 -136.85548942805067
0.44632629455541206 227.9472748902003 -136.0367652580717
0.49063389210023556 227.86841604155387 -135.7580577434737
0.5009519430456998 228.44774851269767 -134.50839900170797
0.5506251897456144 228.53122849962818 -134.2444077637338
0.6749405775497376 229.21546607748422 -133.90812796061377
0.7857804524108161 228.79831316034395 -134.07247347279056
0.9308214965551961 229.98562953270914 -134.05156654013092
1.0053606392411445 230.00609213086224 -140.2439378746228
1.0795324971898637 229.90640312205107 -141.81635396043004
1.2105196607066036 228.31046945655487 -139.8048742894793
1.2704410058019595 227.29571087610105 -138.55319279034583
1.3293040245826377 228.4435822749589 -137.2139674975556
1.3400876267131996 229.01874730212288 -136.8360426109582
1.4630600717560127 227.8941939224005 -135.80605224147928
1.5869760673532545 229.15257803810857 -135.10212992589118
1.5989397517340125 229.332830453007 -134.65002535498502
1.6023507988456704 229.31165563578398 -134.4890908771036
1.665544528194367 229.1030258688575 -134.62998643529394
1.6892675488469884 229.30619508987837 -134.44576234866744
1.696987789199615 228.92598468645002 -134.39663148175504
1.7491940500739895 229.6278608980776 -134.04389299385406
1.804465060818123 229.31239667312994 -133.62523178806444
1.907046551836077 228.5305216826689 -133.4903692041326
1.9236688414062542 228.57545571637237 -133.54544009879834
2.395622547133933 229.07444618061018 -133.21272115391977
2.431480659094058 231.67879693333128 -133.14498715931683
2.475146402926808 231.06599474601944 -135.1620132476211
2.6463547115690744 231.3320185244134 -135.11611038793325
2.778464179508245 232.55967269679155 -134.64531271825697
2.85424425536837 231.88527552865818 -134.492896212879
2.9754101403667685 232.1049668893709 -134.38637130964375
3.139309696463248 231.7518402239475 -135.74918522423275
3.242980700616111 232.85534977367126 -135.46722415451654
3.5395856059752955 233.57848945184094 -136.9118587385839
3.815468825040081 235.1615957812289 -136.69735992689832
3.873325997569812 235.78443105002125 -135.66536093993628
4.073141483820856 235.87738301870198 -137.76165980404502
4.1254348348963985 245.17396765532757 -137.03957357508375
4.132699766923116 243.36433861094213 -138.03490957983678
4.157224921026526 243.43530656160618 -138.96708464286056
4.338965923021402 242.1746278849703 -139.42978609958487
4.537234277904909 242.23320539455642 -138.96911967517627
4.756802541860604 242.38041460985175 -138.4175698600597
4.814533312883292 242.54945310350072 -139.75890056684986
4.82421766722466 241.86994500328115 -140.37234627808238
4.864046324166315 240.5506297837696 -140.87699675427513
4.985847169593532 240.5169498203562 -140.32929222320354
5.105920607782485 239.93779059519883 -141.37702155626764
5.314925878608662 240.2402972217313 -140.2623717170707
5.822738333704811 240.77659519270136 -139.3915629080116
5.995163404529025 240.89436685717072 -140.50895545769615
6.484824722831038 239.9862048823832 -142.06721860416275
6.497927523523739 239.7905736831872 -143.69490870390953
6.548637897392682 239.98169028989224 -142.71030997393612
6.683280854032794 239.8386562794175 -142.11253334748983
6.717672841030192 240.8592418603739 -141.38502245158702
6.884203350656261 240.73690906107362 -140.42877674015742
6.942099030137041 241.02253564448608 -141.2483505517457
7.281306059555192 240.83839188423823 -141.8120348705366
7.666056679104401 241.7705432079215 -141.25312784290892
7.859314263735735 241.52832895906468 -142.87776720171928
8.057490499122586 240.641468845978 -144.32105962499784
8.259179122439981 242.1931694700289 -143.62857740518274
8.354627425952902 241.69099813205602 -144.4965948141749
8.419875610002265 242.19466360598568 -143.82101663420605
8.46343212963326 241.59957123769064 -144.45613337472528
8.626865326253649 240.8003623766959 -144.92230302588786
8.701014548450974 244.4497144093298 -147.08143767573384
8.813017412604985 244.3320937156775 -146.36698181651013
8.822313080580102 247.3817622706529 -145.2172837205257
8.899466314197475 249.03006287445842 -147.0982649528424
8.90035934610961 248.38489657941182 -147.80777635002534
8.980606530735852 247.99313970583322 -146.79541207916643
8.991333474832887 247.74741270199613 -146.08996024060892
9.017613503724922 247.81765781895749 -145.25012473306194
9.112813232710302 247.76349920524996 -144.7276830475736
9.215403483267641 247.29284369194733 -145.42463777961186
9.278728162258263 247.86118619167917 -144.883183304966
9.372819874037468 247.92863386687037 -144.55077755544553
9.396007731613427 248.40224348050327 -144.19232935115457
9.409923682932433 248.2862758618392 -143.6804419260685
9.41506150757552 248.13148287276442 -143.34249776068685
9.417950991816182 248.32573797296658 -143.08366933845394
9.458041948264002 248.26410498492342 -142.4358679567143
9.467045284788188 248.40416796175245 -142.09611699113347
9.48093662420515 247.65766910103684 -142.86663466879617
9.50717030171016 247.57017701797898 -142.57249050449542
9.592944264792207 247.85781070342395 -142.33780437433768
9.614863857812836 248.08579817278178 -142.04168288053262
9.721422073693107 248.10413101446522 -141.80904314236105
9.799826777506992 248.07860005095392 -141.71105445259604
9.840879959974574 248.10503787279623 -141.33330758522987
9.975300629302975 247.95909597920183 -141.10262157972124
10.096807407809582 247.61027948328015 -141.52967674639086
10.246096124406774 248.6922288083042 -141.6597740757034
10.258909139036485 248.83456361342328 -141.22250589401378
10.265688034363011 248.97699671612472 -140.94561006078257
10.295784304772619 249.07972900079227 -140.7618874352433
10.314664281118501 249.46963278777253 -140.63325710838745
10.346725243701357 249.39703164347603 -140.21926962414085
10.514201710461773 249.72109421100825 -139.87690824795243
10.601723145457496 249.47199061206038 -140.44942641053888
10.73941585192119 249.54113485679164 -140.44938506990474
10.836895806841616 249.60956578617802 -140.25745133445594
10.857415494471214 249.8059476046036 -140.14820468075746
10.8791477383132 249.8688475773404 -139.87034818880875
10.936071495331898 249.35551310956086 -140.37080874721138
10.995084257892524 249.39222226504495 -140.3161564834419
11.006990166140055 249.7403270098012 -140.30933234551247
11.056794062161684 249.90352559699102 -139.98839110480935
11.093700064305649 250.42201192624748 -140.09520383777684
11.13907640540235 250.63588577417286 -139.90216607253097
11.181763149984842 250.24638049694946 -140.41504572266118
11.286906861811714 250.71502629285533 -140.37386469235224
11.342431179204928 251.17387813144433 -140.2532061112761
11.362116930445637 251.62540999016238 -140.31063637074166
11.388877228316375 251.88053817948656 -140.12512353671303
11.414289710031968 251.60033720414086 -140.5539212680391
11.510904678203485 251.92630570597223 -140.68570465552048
11.527611285781836 252.13274127590535 -140.59955661528846
11.529414561441838 252.5499029274779 -140.5758286548422
11.54391790156023 252.75466579446038 -140.34415382005676
11.603002791146578 252.74417576450722 -140.19254124999708
11.710999248805303 252.97878588010852 -140.06722196740628
11.768840230084326 253.76063249349363 -139.92509391260145
11.778478801930206 254.15159835246232 -139.94101273642846
11.795987268740173 254.3203514375515 -139.82546559247683
11.88823919884586 254.50712704913548 -139.7431500681955
11.911881399929038 254.73039741410926 -139.6698338900396
12.05033534528478 254.3745892779116 -140.07581660317007
12.16378838733895 254.96677912819382 -139.99886644870267
12.291443683783918 255.47323228481326 -140.04463700597728
12.302042273693747 255.94094957534026 -140.03923232025366
12.314867153028846 255.88690245039 -140.01943748605046
12.413429706931298 256.01401796256033 -140.10227860224828
12.486674781149663 256.5711003847015 -140.04318545907176
12.497458856525192 256.87701725925547 -140.10593367894452
12.584000260351884 256.95090376268496 -140.11913479663372
12.640894887593895 257.13756292449943 -139.97141256867303
12.649105380949935 257.570638460499 -139.8510293638823
12.652566665284713 257.6058846642675 -139.65629841324719
12.676725166883664 257.9667791157049 -139.68498545129935
12.679384604438589 257.98062140639985 -139.59938325054475
12.705666070474281 257.9589607418939 -139.51101140673143
12.74554096907511 258.0823714590415 -139.38484581315254
12.816285402188768 258.26050729461076 -139.34703458153803
12.851710497344218 258.6102948810161 -139.48028793373743
12.909132040101632 258.68576945385763 -139.53519628467328
12.933993628801183 258.9408848226096 -139.5092862405931
12.944892225886854 258.96239513781404 -139.44984700465105
13.511262655416733 258.4740959485188 -139.83774804194405
13.548658410055594 259.314196388175 -140.50100366120776
13.733491060453927 259.60773926951873 -140.4971801680714
14.062395229880051 261.09107933987724 -141.06787480505713
15.028881482828673 261.3292871625069 -141.651553438555
15.081892077194116 262.98631054073 -142.77072736651922
15.085705256648447 263.18613587810495 -142.59701629202783
15.125581101979748 263.40492355396776 -142.50320570513622
15.162451877538686 263.53762463307874 -142.50631246807222
15.327690822458283 263.6473144274687 -142.4114716128938
15.895437087039047 264.2098345822055 -142.32200897551488
15.947819604414507 265.91909342396065 -142.5065324771049
16.033095503900935 266.3126732631786 -142.4529003644009
16.044667041285685 266.6407076347853 -142.3020956054679
16.046068042085846 266.90833859286295 -142.33468674958303
16.189334645527786 267.108751476 -142.09172203547303
16.250319001459847 267.70829306288294 -142.103476932848
16.269887500965964 268.01266752692584 -141.9339561520007
16.290444331798692 268.291419433731 -141.9965212069277
16.36373417700575 268.3531498002784 -141.93509900813262
16.55242410849145 268.4580790254254 -141.77331853996358
16.64135220751341 269.07915441844 -141.81819985855603
16.81552695730454 269.531714944204 -141.70876809549398
17.63860825556138 269.9804181853122 -141.85977787432813
17.7872887354084 272.9810501352491 -143.2587829807114
17.887612246676433 273.61083173616106 -143.26823626868008
17.987176242918878 273.74177393678457 -143.44170189030612
18.149265698015995 273.9128671910927 -143.38926013559418
18.234717939991846 274.57343949530286 -143.45016836827457
18.29578839256137 274.63217014061615 -143.56547651158985
18.34200799099732 274.63780676744864 -143.61458902511984
18.52199018834902 275.0382197129246 -143.4869315448995
18.529034143333607 275.81448732938105 -143.65936591520904
18.566303863414745 276.0735461249538 -143.59304335604446
18.653161676213184 275.00516453564046 -144.11260687356753
18.67584584863183 275.0965734782802 -144.56585974274952
18.685092682996228 275.33118175174513 -144.4229421466598
18.871304964158554 275.40119943377175 -144.29170715069927
18.920635087924712 275.93087032502757 -144.53252045448284
18.99765064793096 276.1315294436359 -144.6117182107084
19.080781313024694 275.40572135093896 -145.1138067511011
19.132807140014272 275.70195521952445 -145.10896540706446
19.148817128694578 275.664992353096 -144.96213582071084
19.21337817753966 275.789049980165 -144.9257682833456
19.395502184511983 275.84856387520716 -145.0768682665624
19.586636212461407 276.9042900032866 -145.05262774508776
19.626192115708733 277.4363282857435 -144.99896172215952
19.768368964880207 277.4444000603588 -144.92147143414746
19.872301216042928 277.8041963658816 -145.29213872503684
19.967505817204415 278.332304528051 -145.63773622170842
20.333785824328046 278.11889382801405 -146.02324530775405
20.469943476282026 277.98176799061844 -146.73883744856855
21.253035614754655 277.98045815180626 -147.3374405530967
21.29729899792215 279.84373433882104 -148.1294832226938
21.300539688627946 279.51901650170475 -148.39406639366703
21.407168872974356 278.27500606311366 -148.6356538609307
21.44559956695879 278.3275407092154 -148.97723411621547
21.891728558208335 278.40347103822614 -149.23796832215643
22.088411980597222 279.2531148972884 -149.92669201253852
22.17662355538819 279.42076856118734 -150.53995104359953
22.67234610284298 279.28274503919437 -150.9907339155842
22.739485176931733 279.8836499437849 -151.36437089169914
22.810957080096 279.6392423412958 -151.83495484471607
22.939882275066253 278.93872169904733 -152.0024324654073
22.959328120226665 278.94009746732365 -151.5486058068966
23.159957758940006 278.5441578190477 -151.80341314465355
23.730536391783737 278.56593652831 -152.22596176275638
23.954710536277307 279.36220694922196 -152.98808648514176
23.980962120479866 279.0348546495459 -153.97970492201435
24.098490804587847 278.9757143153671 -153.79656099841017
24.908258973789703 278.44528390798075 -153.2873970074719
25.16218991640507 280.0578429703691 -154.37165585242278
25.463756857397318 281.08162805994374 -154.36675347494074
26.080814078590066 281.1924579442923 -154.99793754227028
26.39941648843891 282.37009361435975 -155.81142829454447
26.44879671899012 283.51169959659404 -156.56039379924164
26.488913090541644 283.35287685028845 -156.63355823224055
26.49337123408013 283.31580328093924 -156.67918647926118
26.53129892154178 282.88499188142816 -156.82263307725884
26.77291482571999 281.7672935400594 -157.54572120584538
26.897098868905022 281.98427956790823 -158.12067044469367
26.972902490483687 281.76590334641514 -158.38234447461585
27.188015774659583 282.1044573950678 -158.5852073638588
27.216470684382077 282.0340327786607 -159.01818775178887
27.267804898523522 281.4596308046982 -159.20058006372759
27.314365836119933 281.40685714682553 -159.43721306220962
27.76466001654979 281.53970021831276 -159.62063532938518
27.83244564554632 281.7329073378219 -160.23851869801067
27.888866906948866 281.2509884789816 -160.24363559672938
27.938381310440644 281.2324993926946 -160.41028293934255
27.940629447793448 281.2353579474961 -160.5919633553161
27.96365078691091 281.1568802368189 -160.58322661756276
28.061150996947042 280.88010691374035 -160.6523895631682
28.42094439424048 281.1820830398765 -161.08798163919087
28.62080868633717 281.79519895876274 -161.55170065377973
28.646835288435195 282.3673203457759 -161.39288890589424
28.728299019437486 281.93557736891154 -161.39586544699782
28.77603544485677 281.9869549737919 -161.5758761116332
28.90980073235715 282.17220252661014 -161.70951160997012
28.923118685970852 282.8315438266471 -161.26753707699322
28.96266352049061 282.7137723413958 -161.15612160657471
29.09873543688675 282.74747516784805 -161.2641125725843
29.11915277454752 282.7793429053187 -161.43389612197566
29.21285143113881 282.5069800162366 -161.63317866080146
29.217630234275124 282.5701790360571 -161.80451440555254
29.331667939210984 282.49657118458333 -161.9667666939283
29.445921047194748 282.6422814684643 -162.28524958858137
29.97963060898887 282.736359370604 -162.50152736529532
29.990054304677688 283.610576956054 -163.2762866886006
30.105631465264615 283.4255506722612 -163.6243382829374
30.2235060308755 283.4301347958155 -163.88183055659232
30.23291279462117 283.25093145815805 -164.1888737918624
30.241649095777593 282.95542187768257 -164.062008771411
30.3308592251768 282.7160293791028 -164.16456360408168
30.385180077653665 282.56536862425827 -164.31155303076687
30.519814126737362 282.50650270671025 -164.30283958302255
30.557233413924184 282.8777807489603 -164.49602109159392
30.68018712871542 283.10750816330943 -164.42709302264126
30.791015111135003 283.0509252529068 -164.62015981345786
30.864912177357823 283.2692355534494 -164.9353546134582
31.042737416539456 283.90813431940285 -165.3352486594049
31.115530350252797 283.9902143109714 -165.52647965523062
31.517297924901555 283.7963093422678 -165.67349800569363
31.709732875372612 284.3066822962751 -166.212788446445
31.88429101966746 284.407889749839 -166.50270576178124
31.907154343353234 284.6658768957795 -166.7189109921203
31.918546219277584 284.64852933706527 -166.91757891018136
32.13706181922981 284.6608767019699 -167.01424809103602
32.30783970761851 285.04301927060123 -167.29458396983318
32.51549768435156 285.44925326060286 -167.60696905513893
32.524577887021834 285.93613650548065 -167.94294966532385
32.734306363681966 285.92684633480667 -168.13685788739267
33.1650798601233 286.7264350640804 -168.17576250147957
33.39585664249981 287.129969019649 -168.72870256147925
33.58913479591448 287.62843550137916 -169.10853690070078
34.74149401857906 288.00265005082395 -169.44843114538926
34.93919398325738 289.75924438924903 -170.62435501891773
35.201057659598014 290.1055901151214 -170.7649000571082
35.36531136418796 290.3736794112458 -170.95402529939335
35.816906396068454 290.5039669346401 -171.21518072881835
35.824371002460936 291.35123933152084 -171.81902687453947
36.17935936434786 291.53552677011544 -171.77014434479804
36.194453426195054 291.99532386218874 -172.14337445314985
36.713815799632776 291.62549364466497 -172.17943213535665
36.7466446478044 292.2736517542793 -172.75350872089436
36.91676843994174 292.27541356257296 -172.35523534319765
36.92206508662601 292.68864709012854 -172.5872970452272
37.39309602377528 292.67158773156376 -172.573528621901
37.55388207888156 293.43338322199094 -173.10798753245305
38.087604628718786 293.61507628328275 -173.0345991522793
38.166429869211996 294.5436307762472 -173.73979333587954
38.33291609931597 294.68879433063194 -173.90424097857158
38.444922684217744 294.1522254181627 -174.04970375445484
38.86989172899215 294.3893764017411 -173.95080852566645
39.12827564758618 294.85741673896246 -174.27942394562373
39.20292284120573 295.0282394590936 -174.6492820818954
39.36257909168079 294.875179232669 -174.76579650462264
39.543977581515065 294.96452905483113 -174.91829335231088
39.61854689805545 295.3093579120455 -175.01358185713974
39.75303272882625 295.2438188837251 -175.00099969595368
39.77851544874841 295.08729949596983 -175.0711167088594
39.85578981536283 295.1571174926917 -175.16298230548887
39.92153208096684 294.92507615827424 -175.22161524153833
40.04718675950881 295.0582642005478 -175.4678818590878
40.43073328445987 295.099100763458 -175.61441933794185
40.56596792028834 295.3002774200935 -175.91509684531096
40.925697519463974 295.5452959683641 -176.0473792393318
41.031678789267175 295.8039782960948 -176.5947021932659
41.3134408328042 295.7317101789344 -176.53646388589195
41.381063461127475 295.8956520321125 -176.92041103215055
41.438458333719325 296.1078608014861 -177.05560634964303
41.49747575798734 295.8410327037494 -177.07006573872732
41.705604870756986 295.94892402834995 -177.10462937646582
41.71342311215001 296.16021068536025 -177.33349547483508
42.01411240693558 295.8822697360233 -177.27778657450708
42.264641829247786 296.0380194834687 -177.53452813858286
42.341259352195856 296.4290699326666 -177.76208653168737
42.57836528735929 296.47163438941766 -177.8051954680505
42.67624837914663 296.7467825167043 -177.90056693884313
42.88472584628384 297.12863963960626 -177.88426157391908
43.198451289505 297.2539279226014 -178.05277397710537
43.36004934033284 297.8388656298065 -178.4200218465781
43.505365862130404 298.25624613221106 -178.56121425255893
43.6981263915031 298.3568266559557 -178.76925318033355
43.70138149296386 298.54502025540324 -178.8034347059023
44.23352172848423 298.51435780648904 -178.98482311034837
44.29575284204097 298.26262702639985 -178.9496898611817
44.458730987650995 298.06440344773785 -178.98282033949437
44.796022532611524 298.01790762756286 -179.06012448972967
45.26118131443078 298.05195836822054 -179.45031204719783
45.32363580191754 298.8022266364625 -179.88499338858378
46.31034331920401 298.99361000061526 -179.85544872389036
46.64349315925398 300.3088545184206 -180.82350200003842
46.705329100729834 300.5115923727998 -181.29901921248143
46.75079411263183 300.46309803265694 -181.23779505810788
47.20589156130467 300.41302890357963 -181.29346315488607
47.368916179710304 300.9550093294829 -181.8013756716953
47.41977183166898 301.02838534470453 -182.06067464447054
48.504842149322116 300.8195902846293 -181.80441534241888
48.591573900162 302.176219366908 -182.7842812661963
48.88091439348429 302.4949514755421 -182.60130012077647
49.148480011538574 302.7962555763161 -182.92909117863863
49.28819839058741 303.1744896519154 -183.23959458552525
49.317690001708485 302.8827262115919 -183.15507301552347
49.89502005844654 302.74081843793454 -183.06519486747868
50.23513783195753 303.3016161829944 -183.4812310666809
50.30721487790392 303.9394930081659 -183.82669276430477
50.32381462604544 303.97708560967465 -183.90543383983547
50.42780839867325 303.65505609939476 -183.82637446061233
50.454766597765946 303.8577341798134 -183.6049553926909
50.49829034956239 303.6504284643294 -183.4508166137427
50.54287818781764 303.5213464330194 -183.41326415276976
50.699760936772776 303.6540199932017 -183.44878417008084
50.92332486870161 303.91657880502265 -183.63345517841867
51.07544037757266 304.0494473395936 -183.80298387769733
51.166195571654704 304.0349251083626 -183.7912662628986
51.40118079870808 304.23535614349083 -183.9447549775131
51.49408734103276 304.7377605523518 -183.93468022685516
51.72764412578814 304.7366834913779 -184.04533716578433
51.77974803732624 304.89289396073065 -184.36171928668745
51.95996502528102 305.0652433068517 -184.48626049120628
52.18788259479816 305.1561099501437 -184.61750107192992
52.23131285680205 305.3021645111959 -184.60532014896708
52.93022024467648 305.4737457691578 -184.7458304919018
