0.2119326496158127 0.0 0.0 true
0.24355819228148756 0.0 0.0 true
0.2464816653693408 0.09761073051753044 0.0 true
0.26635362724151757 0.21961829692452578 0.0 true
0.3833716178053921 0.7909071184890264 3.900706794221524E-11 true
0.4001636815869638 5.011466478912209 7.05207118204129E-7 true
0.44190992876240387 7.124925015677675 3.1005335480410696E-5 true
0.5004961055843092 7.611390662362691 1.1810550562076967E-4 true
0.5792259047775334 9.695159826706721 6.022186815351151E-5 true
0.772527305881885 10.514316328881977 0.0039616537918841935 true
0.8036691472674251 11.826727797924397 0.012479254671541063 true
0.9433491672177242 11.871625862183084 0.014356793339589806 true
0.9855093412848182 8.678448838065195 0.01029550875005265 true
1.0782645569195148 2.696670135953563 0.0073918836576154275 true
1.1091579936863587 -2.684760766162268 -0.0022266892889796215 true
1.1409515564113264 -4.841389209044736 -0.008905012249573118 true
1.1703227404965277 -6.439511446950375 6.858644595816077E-4 true
1.2031330191343608 -6.190838795079664 -0.007800656869576349 true
1.3533670332850556 -6.108582551058435 0.006644262105560905 true
1.3749617791403215 -4.905344420420224 0.00555842879847189 true
1.6112108559259615 -3.629941826060998 0.0060319005872919405 true
1.6221482258192943 -1.5667988272996338 0.01051458265266704 true
1.6925821057287587 -0.31136329696975373 6.155243768642588E-4 true
1.7975496942304279 1.0777746568621693 -0.009837628012473672 true
1.8310120309526792 2.9878595189994015 -0.019221629088600055 true
1.8545467117678447 2.9218075084298802 -0.030560557619200034 true
1.9410866963861388 3.8028724277882673 -0.028412935205053346 true
1.9488807137827524 5.229585604695853 -0.07314138145610612 true
2.0806805327260007 4.200955353673813 -0.03265663410335952 true
2.3211862362392655 4.9280177669752945 -0.09039382976222879 true
2.6181808905636057 6.1958245556876586 -0.08694934303699572 true
2.6182906578038394 5.7507071958076486 -0.11575964535711421 true
2.6212050819188755 6.763935303400501 -0.09494459441703998 true
2.91838778733401 6.385882961330706 -0.1287823878130663 true
3.3876121064393914 6.009616295677982 -0.14788135882145043 true
3.448983624395221 5.851302762265658 -0.0747223123119518 true
3.7271547757142707 5.978318688475709 -0.1484677868743391 true
4.465236710867038 5.205223439000589 -0.0700921798365933 true
4.545404660240049 4.148128920080069 -0.213957812845099 true
4.730042755671475 3.927444858134764 -0.0756586743936618 true
5.118520125652946 3.6753639993911538 -0.25632923746123093 true
5.7147475155272955 3.3290076010062086 -0.1023861590720985 true
6.04038323775154 2.802835435992136 -0.15400668646658305 true
6.184912659998206 2.3434052345530167 -0.05393756651889526 true
6.4529327869509645 2.8741577144567407 -0.17050998386101265 true
6.578063841428533 2.70417133831159 -0.07990410283606426 true
7.118550586688184 2.6733094155449657 -0.1706848509405228 true
8.040327012330728 2.2132091788836545 -0.09258520649851977 true
8.100197898866584 1.7240770692629854 -0.15674136990931628 true
8.526005562710957 1.4203022391672542 -0.06149410777501565 true
8.85713463107124 1.5383236870897936 -0.1869093474053557 true
8.942350518660877 2.1956762790101343 -0.15479845532785141 true
9.099917394310598 2.0010390056269305 -0.25298415580450156 true
9.192192281819782 1.9676335155865663 -0.16282795543854986 true
9.276048808365559 1.637452705245037 -0.22074578427568067 true
9.344541181642658 1.704990998337284 -0.1559517721288499 true
9.363685194554538 1.532076882395945 -0.21480102989414318 true
9.39699371743409 1.5039428461790967 -0.139246150837852 true
9.401436635252495 1.5272530410738125 -0.21601171717291004 true
9.415956158357071 1.465495749433022 -0.13593890222760083 true
9.480358303351942 1.4052012236197635 -0.19946668072793963 true
9.620766793848768 1.4971834164593842 -0.14227375804297165 true
9.660873518517342 1.3232344083869971 -0.1937865728184034 true
9.742528125419806 1.3874232829764859 -0.13355926228573062 true
9.768819390824204 1.552311017856344 -0.23074451529240997 true
9.777077561752911 1.7328935445162774 -0.16809251529428007 true
9.808939501521248 1.886358529200737 -0.2807663949555257 true
9.828163177806474 1.842031167058573 -0.18000604817039442 true
9.91817645914737 1.9553582639429423 -0.291844343274576 true
10.008840119338021 1.8161622593870934 -0.1806982263358097 true
10.109177098838789 1.7589379275025365 -0.2647254337019929 true
10.140991331586635 1.6137632706821001 -0.16321406886096432 true
10.401762109141423 1.5300562083187623 -0.23101676533141347 true
10.484335977610696 1.5822503683567386 -0.16435291601631447 true
10.535544215042558 1.6650752763472296 -0.25231100566488074 true
10.57358466847683 1.753496033467545 -0.1825263480192642 true
10.577120542135352 1.6999968582601803 -0.257914430458185 true
10.706762523083238 1.9511315991972837 -0.2031569104143753 true
10.739228166639922 1.9325108810265175 -0.29490690203742664 true
10.984140764556882 2.104743641194472 -0.21968258276271999 true
11.008131125111117 2.175561021696813 -0.3327547491862011 true
11.043421656750382 2.2042371286571187 -0.23011471558267665 true
11.182584260916848 2.25917371749585 -0.3457741677172011 true
11.229552045853339 2.359407349684714 -0.24483262202527126 true
11.354041993065639 2.5366269682056832 -0.3872820012350195 true
11.375462657953081 2.5158304766897097 -0.2561087691487505 true
11.379703857296146 2.773822442704862 -0.42275943139041094 true
11.423180015811134 2.928170480319569 -0.2979277634440243 true
11.441107954060127 3.028097216465139 -0.4593757946473999 true
11.480968879173723 3.132985342057427 -0.31779458311713227 true
11.489322906298794 3.241026081203831 -0.4899664813891041 true
11.517931030918666 3.3046589739637415 -0.33484712848339476 true
11.603026363407512 3.3891361087006695 -0.5111104432475856 true
11.624024543726815 3.5856647045710206 -0.35938016774489995 true
11.668824745934891 3.731033798648456 -0.5618412766017294 true
11.744211104010521 3.8924631398972247 -0.38823228500525414 true
11.778024101739618 4.069058834914532 -0.6110263962177441 true
11.787738774525117 4.394656655230395 -0.4371807454486458 true
11.91517594247385 4.5022228878236445 -0.6752366639116029 true
12.013980669287967 4.489266663390955 -0.4380922892187097 true
12.034624739170258 4.395730465759519 -0.6549510809843028 true
12.093104035019772 4.4404361812655395 -0.4330828076420509 true
12.120474799605223 4.308001653887615 -0.6399947343547285 true
12.20131067938142 4.2903404038107675 -0.4194558255761989 true
12.21742115375558 4.300783877507138 -0.643343285285674 true
12.24564048988994 4.4867070415306936 -0.43948426027136694 true
12.330071561422036 4.53944099612374 -0.6790103015912325 true
12.393980840462936 4.553068350744776 -0.44326548828410983 true
12.47982240053541 4.431791995075819 -0.6638929440952719 true
12.49774981887963 4.479104531408372 -0.43785730005461565 true
12.504338119427995 4.40983318153474 -0.6611299532230306 true
12.538255865795861 4.441810961979243 -0.43479541379739484 true
12.55586014795654 4.361468879301928 -0.6582611366361985 true
12.575456127377915 4.508542883092923 -0.4431568784870791 true
12.697207049489085 4.532629043293642 -0.6850350030133787 true
12.787298109534703 4.584773894975537 -0.45676828766992733 true
12.859228681800992 4.622510046597984 -0.7029255030857793 true
12.871113912301384 4.646113227671454 -0.46969277866338344 true
13.44068430861864 4.693722451465989 -0.7154752556364549 true
15.098663198575505 4.831048343228872 -0.5575489751029048 true
15.320485265313224 4.7249862710435355 -0.18784747461069326 true
15.339052934225238 4.597651575218877 -1.1831835638085062 true
15.450796473462196 4.598834746237996 -0.2556737655454143 true
15.664892047144983 4.45295979005511 -1.5383058618006982 true
15.761844530345458 4.416432627163448 -0.8671672360011304 true
16.001128059003353 4.285577321475639 -1.738772037319876 true
16.233736246671434 4.269171526619469 -1.414086596329859 true
16.245256649867873 4.0919191676023745 -2.1669625463114106 true
16.40238031209242 4.36538677023377 -1.4717648931675251 true
16.451080813185023 3.984025974015514 -2.4941895063869106 true
16.533533857515 4.3706109411742355 -1.5761001437437336 true
16.56919764103853 3.8827684220367185 -2.595505962730118 true
16.641347540928226 4.323776914323274 -1.617620502472424 true
16.693443589414954 3.820488235400996 -2.684172743284975 true
16.7847209594675 4.322150408949561 -1.6924990178331114 true
16.838969215334807 3.7666812540372896 -2.776924500022438 true
17.36860777919673 4.278732724649093 -1.7351685119194828 true
17.439708783762686 3.5313712128882857 -3.1287794553298314 true
17.848920393187406 4.225898216313029 -1.7980401742838124 true
18.144237512036593 3.2747495919932725 -3.3470567568724388 true
18.257803676846166 3.8302026833517977 -2.047317348058031 true
18.26199606124122 2.999864891247559 -3.315734954225299 true
18.29467287219397 3.9168620909400147 -2.100897465757156 true
18.353660974692158 2.9557556368404647 -3.3118645412061847 true
18.466572629802148 3.87663880648748 -2.127774965156857 true
18.573601051781207 2.9397703882975357 -3.372210092456448 true
18.57907768974909 3.865432891990221 -2.1943506328179256 true
18.787548642821076 2.9437759325235375 -3.3816849658066737 true
18.799453499778416 3.8607108707876256 -2.3045301736442574 true
18.95345559420888 2.982106284192935 -3.4321612080854025 true
18.95354342520375 3.874731518508328 -2.3450488491652117 true
19.022095178602278 2.9489696285393117 -3.394109105680987 true
19.135766369269984 3.808358431761832 -2.3442189879966384 true
19.23490940734468 2.9009506702672114 -3.4106046336356086 true
19.36540923510684 3.685664912508616 -2.30919354337698 true
19.67654491636641 2.817966777309909 -3.385892606740961 true
19.857128054966477 3.512126078931632 -2.400079259584364 true
19.966439958303592 2.66662739395122 -3.349261861426084 true
20.26847917001988 3.3633284114643436 -2.4060114581738814 true
21.312872507999714 2.2951782891370316 -3.6690570373238134 true
21.39134006044325 1.4416210383987274 -3.5383296310264236 true
21.426994189923903 1.7124268679857402 -3.6350049127832293 true
21.488523448675 1.2913894173677745 -3.7932314504122866 true
21.562190951608674 1.3004931314741566 -3.7711692317118044 true
22.067912787589425 0.8470849010165717 -3.816946996830031 true
22.10001531978985 -1.5054059672951987 -4.296139365207704 true
22.770507694678287 0.6584952945325144 -3.745179508274808 true
22.839766635570125 -4.4286641614258935 -4.26422093880423 true
22.992875552323326 0.34742601706145004 -3.537304652448396 true
23.488237009910566 -3.3812355178591815 -2.772471825125558 true
23.496828234137535 -0.899638330561641 -2.2932607890185803 true
23.54611353763416 -2.9871709737755454 -2.4291892703061624 true
25.615309833769583 -1.505166017450387 -3.486772377889203 true
26.1742895658619 -7.6671851182341975 -0.3975324481344711 true
26.332562289340252 -1.5353736426018962 -2.573152602626752 true
26.567216464696592 -3.7167816944956913 -0.19513039173483948 true
26.610645176379904 -1.8443902807354826 -3.14394434945372 true
26.731632518407917 -3.525242151998493 -0.19339161915332428 true
26.78985869887126 -1.7433502701634014 -3.0142003914548066 true
26.823265155060717 -3.4095402828272574 -0.1974487481098037 true
27.023038909262947 -1.7250826819979916 -2.9941301207532915 true
27.037587254729015 -3.4198220124559 -0.23010703762532808 true
27.16839175799062 -1.729641189572201 -3.0067386146756583 true
27.1735996001349 -3.3622076026206624 -0.24757270098062 true
27.366233337111026 -1.685048757965672 -2.9306636693989283 true
27.432374637704992 -3.2958754395290595 -0.26505167873669155 true
27.57194340172056 -1.6456966393020214 -2.8761379066720956 true
27.680812581338667 -3.2093520012811694 -0.2716949828222484 true
27.900892411927806 -1.5645184406146824 -2.7557598039306184 true
27.909965260679947 -3.153535859868121 -0.29233469499288794 true
28.007666155227373 -1.5611252911014664 -2.7511686005326323 true
28.167426379005143 -3.150766792112835 -0.3008900406030081 true
28.222520889632285 -1.5614976744519637 -2.7771200039401296 true
28.603989998223575 -3.0870413571284114 -0.29906103433272 true
28.86035764070972 -1.468482164508059 -2.6881066027318705 true
28.862916340066754 -2.8169853658998933 -0.32835874810733023 true
29.150567211963594 -1.3789950669912323 -2.5260088822014812 true
29.22444135087124 -2.630260518576246 -0.4038720133930099 true
29.282326218849043 -1.3167738363449728 -2.4742366201514794 true
29.327866404291463 -2.7213935361883665 -0.4429801757439877 true
29.41293525497807 -1.2840258723558708 -2.445869717093085 true
29.730187584067505 -2.6267043251842632 -0.4579511540647726 true
29.815134358972475 -1.210278032487069 -2.5342671203763487 true
30.064451452449806 -2.528508298650601 -0.4699371966800673 true
30.102726635505512 -1.1022254781270866 -2.5060666845456776 true
30.39040969400788 -2.5481244381991224 -0.4854526557010997 true
30.48630475668702 -1.044163079871132 -2.569929284722251 true
30.562257023089746 -2.5289074154803686 -0.5020369313527929 true
30.605002084053393 -0.9082736027036025 -2.2757154965656405 true
30.620248266897228 -2.418822918209243 -0.49384011967678604 true
30.768341534534194 -0.9056485142576591 -2.2789102185070687 true
30.803290396555674 -2.2215015698112537 -0.48833474066513427 true
30.93059759058959 -0.8617487334684751 -2.1938875710583194 true
30.93122498349837 -2.2480675812378723 -0.5255242016272128 true
31.139977713297952 -0.8528596275981746 -2.171615076626077 true
31.2744865730374 -2.2311572213233557 -0.5649282324923638 true
31.313291441240505 -0.8518384466615139 -2.231026167331573 true
31.33007806672319 -2.246275376007504 -0.5750167203205847 true
31.4961533019454 -0.8217071597203088 -2.159101285591253 true
31.913086741557557 -2.120805601836652 -0.5662962070128112 true
32.35095034177634 -0.7296323319233182 -2.0857565499035653 true
32.37892824873537 -1.7871461589898745 -0.5610503723521789 true
32.449976925032274 -0.6098468976697551 -1.7645443529919842 true
32.68597017064668 -1.704314735170695 -0.559566500106407 true
32.88542191073142 -0.5373244072279728 -1.7735322194299232 true
33.35052993479015 -1.5927481501609677 -0.590607126836953 true
33.71745051351691 -0.41904100683635115 -1.7705482934240413 true
34.34041443601895 -1.2527849654341574 -0.5756365982167488 true
34.47440456097792 -0.21244267244488244 -1.6516909350659437 true
35.067122688743865 -1.1178421546079294 -0.5618694551884844 true
35.07128926770289 -0.024204691299980253 -1.4453203444580485 true
35.70568183819606 -1.0467527779108021 -0.5276456151509921 true
36.14029219149624 0.12593289617157494 -1.3702434626489122 true
36.25839135689012 -0.7085835530663291 -0.47821185640458425 true
36.34632890373443 0.11823487481972382 -1.0880736669384605 true
36.88408887626633 -0.6979766015154293 -0.488292339292401 true
36.920121810143 0.18649867407818227 -0.9182060765112244 true
37.02749586785363 -0.5584411269586195 -0.39769759893383033 true
37.351525870969844 0.14380895863887763 -0.6446062335746804 true
38.074789313169035 -0.2922418848221004 -0.24043980078764676 true
38.85642597656154 0.17352373876405247 -0.5189534771521646 true
38.9340162227923 -0.14573288258150877 -0.20353389750299808 true
39.03781040447836 0.09545098763289547 -0.2747794991432487 true
39.145061593406076 -0.11455001882207397 -0.16945544084876757 true
39.2006029978406 0.10000725621723741 -0.26759335328442024 true
39.26156898360215 -0.12831569073652968 -0.19464447664117984 true
39.43230543879004 0.09101585937180627 -0.23568090117663992 true
39.51955507508715 -0.14790138794235386 -0.23882857727721574 true
39.708740835142066 0.10980980069981973 -0.27456085241256584 true
39.86357130089822 -0.1576306679663186 -0.2703989461628386 true
39.99212940006192 0.12415759543432604 -0.2952570382306555 true
40.27575350794307 -0.17718431828096534 -0.314217966160107 true
40.38417383457474 0.1488214687805861 -0.32847320888309417 true
40.45393276810024 -0.16950186727049266 -0.30751011178118437 true
40.51947860048892 0.13634791202544538 -0.29671919420960613 true
41.091461934257 -0.1270298059681039 -0.233144373636599 true
41.39625901546348 0.1324053104282742 -0.26281914776312415 true
41.649921294112154 -0.11703994536278767 -0.2250076217964307 true
41.69228149282762 0.13124542982316983 -0.25171659723762024 true
41.91567164902499 -0.1361712139820128 -0.2631299098835549 true
41.93231413461523 0.18718314851904236 -0.35003818931587255 true
41.99232212566576 -0.20326212688172923 -0.39343554879462433 true
42.04463032655647 0.20805152463878102 -0.38707056785576194 true
42.435871093390375 -0.19435855312822925 -0.3777129882044064 true
42.54075154288483 0.17430209068151087 -0.31632589991485055 true
42.630702024640385 -0.1582461874571403 -0.3096252065209327 true
42.85767549016509 0.16148639626970424 -0.29154949108228334 true
42.97832305769738 -0.11875547947534286 -0.23557551759407142 true
43.28013671884545 0.10032923959997755 -0.17980630133175127 true
43.66766427175864 -0.08355256342982183 -0.1689062342180841 true
43.86135626850865 0.1213572005358229 -0.21262206106741333 true
43.88254020536411 -0.10266066514721489 -0.2099643716118321 true
43.90238372953795 0.12591706379740839 -0.22038428566977217 true
44.60723646766986 -0.11927087774183458 -0.244196531212699 true
44.729260105694095 0.13094508770528487 -0.22260003667299885 true
44.9107533596793 -0.1591802289257042 -0.32744962016933793 true
45.22280854355822 0.18226213641124253 -0.30794540428513545 true
46.108997903112375 -0.1425624858760537 -0.29721548756667165 true
46.24398048689464 0.1667631393380987 -0.27169600245871606 true
46.29108034198268 -0.12804918535415588 -0.2687409982017472 true
46.797118423218954 0.20590755459301197 -0.33476883335945073 true
47.10714877205101 -0.18031531545943347 -0.3864319394553473 true
47.31222187386965 0.2535760055112313 -0.4078479093371951 true
47.9193077354397 -0.23065501254280227 -0.49870867294945975 true
48.1321320830206 0.2524991375191944 -0.3983343788704986 true
48.36870981385521 -0.17130058660455671 -0.3769828689087501 true
48.90577445574679 0.1659898297285366 -0.2576079042176535 true
49.21413747299944 -0.11425870422865377 -0.2626175575322027 true
49.26635053835228 0.12774627600195457 -0.19460294564381825 true
49.298960759796586 -0.11647375281754052 -0.26846858404789525 true
49.81867742416388 0.18995245366908514 -0.28889506971922396 true
50.0163178497816 -0.09234505036942534 -0.22006530219141793 true
50.03975703746415 0.1650849339366273 -0.24774055371650786 true
50.06349759457463 -0.10033706934372214 -0.23961374441726094 true
50.15026676918647 0.14740220489543768 -0.22087628453089614 true
50.452600155805925 -0.11706446154350084 -0.28118938623175943 true
50.61561940945429 0.1953986096060736 -0.2876304208579022 true
50.65368674191642 -0.14777032316651598 -0.3598387132685374 true
50.92137899321431 0.20058987541958587 -0.294555989569782 true
50.927863690654966 -0.13212808569310244 -0.3286439855895249 true
51.15787175170749 0.18562655908276138 -0.27248898409527966 true
51.29020225103843 -0.14150065949905483 -0.3574148075927719 true
51.439546372654284 0.22554700248383064 -0.32891329898537747 true
51.582028352572365 -0.12328092613960256 -0.31434865538989426 true
51.67891655763502 0.22919262153749648 -0.3317663057773886 true
51.86340378552852 -0.15781656385821552 -0.4052501588878512 true
51.94573390096207 0.2831429416249673 -0.4063069377338857 true
52.66914942314694 -0.15764524150624482 -0.4067835329418647 true
52.74137092190862 0.26683601231696386 -0.37225626485603347 true
52.89214987542174 -0.18600747150722774 -0.4818133432589954 true
