0.211933 220.323828 -131.356967
0.243558 222.293395 -133.266976
0.246482 222.234982 -132.936990
0.266354 222.976933 -132.428655
0.383372 225.755003 -130.374995
0.400164 230.048493 -132.983917
0.441910 228.231964 -133.583767
0.500496 226.139302 -133.709160
0.579226 228.840400 -131.331800
0.772527 228.196283 -132.838719
0.803669 230.701488 -132.036555
0.943349 230.259723 -134.201815
0.985509 227.969232 -128.473073
1.078265 222.109228 -131.253022
1.109158 220.327166 -132.295359
1.140952 222.715455 -131.705182
1.170323 222.336752 -130.725652
1.203133 225.606448 -133.909007
1.353367 225.140491 -129.923272
1.374962 226.975711 -134.032209
1.611211 228.057504 -131.801122
1.622148 229.274457 -132.841803
1.692582 228.974944 -133.571900
1.797550 230.381071 -134.412629
1.831012 233.205239 -130.524562
1.854547 227.720906 -135.494919
1.941087 231.763230 -131.473936
1.948881 235.158921 -131.127472
2.080681 224.620160 -133.010978
2.321186 233.241975 -130.214746
2.618181 237.127820 -130.620550
2.618291 232.142988 -133.404276
2.621205 239.240045 -133.390579
2.918388 232.262397 -134.522680
3.387612 234.091159 -127.436708
3.448984 237.670034 -132.358669
3.727155 239.671892 -132.624037
4.465237 234.595122 -131.690110
4.545405 235.412859 -130.613559
4.730043 238.558535 -133.330218
5.118520 239.296628 -125.719589
5.714748 239.271646 -124.528214
6.040383 238.351892 -128.640390
6.184913 237.132173 -134.934394
6.452933 248.793309 -131.221816
6.578064 241.564911 -132.861924
7.118551 243.948137 -129.066584
8.040327 239.234521 -130.459088
8.100198 240.879478 -128.495458
8.526006 240.105945 -133.629055
8.857135 246.265074 -133.535344
8.942351 256.183059 -131.839471
9.099917 243.598951 -134.887444
9.192192 245.946621 -135.482908
9.276049 239.546129 -136.034662
9.344541 248.650710 -128.514663
9.363685 243.238994 -127.798220
9.396994 246.484199 -125.611943
9.401437 247.064484 -134.193608
9.415956 244.272156 -131.263076
9.480358 244.147800 -133.832938
9.620767 249.473416 -132.065979
9.660874 240.381381 -132.914048
9.742528 248.734379 -130.993057
9.768819 252.841198 -136.508299
9.777078 254.549769 -130.320933
9.808940 254.430827 -134.762103
9.828163 245.277872 -133.313588
9.918176 253.702799 -133.597901
10.008840 242.512140 -124.206995
10.109177 244.965981 -138.726365
10.140991 241.156071 -131.000334
10.401762 245.378746 -125.643406
10.484336 250.460962 -129.688934
10.535544 252.564921 -131.871482
10.573585 251.926027 -134.609996
10.577121 246.196867 -137.207787
10.706763 260.164863 -135.701571
10.739228 249.009640 -134.605256
10.984141 258.414627 -127.288828
11.008131 254.160849 -134.426805
11.043422 251.253673 -134.692912
11.182584 255.100453 -127.585511
11.229552 255.727013 -131.659252
11.354042 261.693573 -129.971177
11.375463 250.674676 -132.982788
11.379704 265.501767 -139.538308
11.423180 260.533975 -132.048261
11.441108 260.026960 -133.246520
11.480969 257.893503 -138.916776
11.489323 261.287864 -135.481327
11.517931 257.194656 -133.064383
11.603026 261.084596 -134.224686
11.624025 264.777350 -141.533091
11.668825 265.742016 -137.824965
11.744211 263.362861 -145.759866
11.778024 269.034136 -139.161954
11.787739 277.461124 -131.235674
11.915176 266.113274 -143.289999
12.013981 256.417730 -134.735272
12.034625 255.287278 -134.654297
12.093104 260.942463 -132.077448
12.120475 251.997941 -138.863815
12.201311 256.356646 -135.650846
12.217421 262.129055 -136.588042
12.245640 271.314259 -135.173666
12.330072 266.704225 -133.460070
12.393981 259.214258 -140.554716
12.479822 255.123977 -130.879186
12.497750 262.594250 -137.277476
12.504338 257.533140 -141.937189
12.538256 260.604361 -143.880891
12.555860 258.290238 -129.597471
12.575456 271.753503 -132.730003
12.697207 265.880705 -139.963194
12.787298 264.452976 -137.017285
12.859229 267.304664 -145.570795
12.871114 262.478287 -141.714247
13.440684 269.800354 -139.503608
15.098663 274.964737 -138.377789
15.320485 264.260104 -137.454027
15.339053 264.793368 -141.721514
15.450796 265.808115 -134.254476
15.664892 269.956303 -134.762057
15.761845 272.156454 -138.487206
16.001128 264.135452 -133.154560
16.233736 268.579334 -138.824160
16.245257 273.900170 -133.560574
16.402380 278.734118 -135.243964
16.451081 276.521997 -139.268863
16.533534 278.059331 -144.343378
16.569198 270.744163 -134.544061
16.641348 275.394547 -131.826549
16.693444 276.638019 -139.862380
16.784721 276.653365 -143.449622
16.838969 273.617207 -140.368960
17.368608 267.655635 -148.332387
17.439709 268.469761 -145.463656
17.848920 281.745280 -140.776003
18.144238 267.262849 -146.506541
18.257804 267.855474 -144.381371
18.261996 269.502448 -139.342462
18.294673 286.195930 -137.270558
18.353661 277.390190 -138.168373
18.466573 282.887712 -137.577832
18.573601 276.396944 -150.829968
18.579078 278.985033 -146.976255
18.787549 282.578745 -142.715329
18.799453 286.725211 -147.161987
18.953456 286.112654 -140.660999
18.953543 268.608939 -162.156708
19.022095 277.718637 -137.357476
19.135766 279.626417 -142.762255
19.234909 278.931700 -142.640385
19.365409 267.314893 -136.690273
19.676545 276.339295 -159.376873
19.857128 272.599400 -140.149403
19.966440 270.269474 -150.591747
20.268479 254.989234 -162.029175
21.312873 271.862249 -159.120621
21.391340 260.999858 -171.336100
21.426994 268.761391 -160.820738
21.488523 260.295470 -158.595837
21.562191 277.531697 -159.844053
22.067913 254.704090 -149.370587
22.100015 263.662059 -167.745091
22.770508 268.148345 -165.125348
22.839767 265.621417 -170.584203
22.992876 262.256886 -169.660073
23.488237 259.499045 -164.196719
23.496828 258.818305 -162.490482
23.546114 259.452593 -163.412372
25.615310 277.114240 -169.148154
26.174290 260.292526 -169.392709
26.332562 262.504494 -163.997325
26.567216 271.166778 -171.814389
26.610645 273.231739 -157.636991
26.731633 278.433879 -165.268197
26.789859 278.563339 -156.965384
26.823265 265.111736 -162.443867
27.023039 261.262944 -167.920082
27.037587 253.007032 -166.182127
27.168392 254.341970 -157.240847
27.173600 277.296498 -160.060691
27.366233 274.813521 -167.450566
27.432375 277.238225 -166.463572
27.571943 275.759653 -165.185709
27.680813 283.541026 -165.604256
27.900892 290.166430 -163.865170
27.909965 254.319032 -165.784198
28.007666 277.375236 -166.052080
28.167426 258.796807 -160.171855
28.222521 265.704989 -162.758368
28.603990 280.107762 -164.715685
28.860358 287.146451 -165.761317
28.862916 275.486106 -154.756404
29.150567 276.812734 -167.542439
29.224441 280.804137 -164.683563
29.282326 271.689783 -162.741892
29.327866 266.154005 -171.032617
29.412935 277.061351 -165.588460
29.730188 278.030550 -170.516792
29.815134 280.203323 -173.352791
30.064451 273.774365 -160.197862
30.102727 267.335582 -167.841764
30.390410 272.643388 -170.871195
30.486305 272.378547 -181.908552
30.562257 265.481964 -156.349603
30.605002 293.008211 -157.820693
30.620248 262.098958 -173.776703
30.768342 285.248817 -176.308926
30.803290 291.446425 -166.865982
30.930598 265.219091 -166.942440
30.931225 268.218177 -169.448777
31.139978 270.680121 -164.653381
31.274487 264.424960 -169.519656
31.313291 271.275345 -170.473833
31.330078 281.293111 -177.379916
31.496153 274.616144 -170.634537
31.913087 282.806589 -167.489266
32.350950 286.351842 -168.720267
32.378928 293.091813 -174.459980
32.449977 294.704662 -173.498729
32.685970 284.403319 -179.571182
32.885422 284.261327 -172.158934
33.350530 267.536540 -171.303297
33.717451 294.515916 -175.539028
34.340414 279.959922 -159.234381
34.474405 291.085346 -176.104381
35.067123 280.901495 -164.172721
35.071289 296.824283 -175.684347
35.705682 282.466963 -175.009009
36.140292 284.638980 -169.547990
36.258391 269.275847 -173.211268
36.346329 280.808676 -170.561573
36.884089 301.201056 -168.524040
36.920122 300.293225 -174.514688
37.027496 291.192617 -171.428754
37.351526 292.798311 -172.331714
38.074789 297.621057 -160.933435
38.856426 297.563358 -178.700443
38.934016 295.581631 -178.014503
39.037810 298.646941 -168.542756
39.145062 282.647131 -165.295277
39.200603 281.339782 -178.821775
39.261569 284.575051 -169.318126
39.432305 273.506870 -170.206715
39.519555 279.405622 -176.523979
39.708741 296.939916 -178.903822
39.863571 273.704107 -173.458205
39.992129 285.591810 -173.162309
40.275754 296.954752 -185.903594
40.384174 271.495612 -167.551817
40.453933 285.639616 -175.791112
40.519479 297.840840 -174.721964
41.091462 281.430521 -165.572665
41.396259 289.762224 -176.831387
41.649921 297.171874 -175.041709
41.692281 273.762113 -173.885535
41.915672 302.905527 -180.645381
41.932314 278.017408 -184.955447
41.992322 279.827901 -180.806090
42.044630 277.268639 -173.126276
42.435871 277.384615 -172.120383
42.540752 291.909638 -166.771924
42.630702 291.904048 -174.994999
42.857675 297.754820 -174.172838
42.978323 312.605076 -169.657720
43.280137 292.133393 -166.869477
43.667664 309.885626 -175.987105
43.861356 290.791943 -181.773106
43.882540 285.272539 -173.819920
43.902384 305.755644 -179.504435
44.607236 278.963309 -176.648699
44.729260 279.334070 -172.299840
44.910753 296.144769 -190.858803
45.222809 304.868973 -175.022572
46.108998 305.792859 -173.398489
46.243980 291.830437 -173.051307
46.291080 294.934216 -174.081559
46.797118 283.578432 -188.449654
47.107149 293.065783 -181.700332
47.312222 294.851612 -182.678172
47.919308 291.111881 -187.333987
48.132132 314.953935 -165.304451
48.368710 293.067280 -170.920193
48.905774 282.654941 -161.565509
49.214137 291.061735 -175.304398
49.266351 272.237981 -168.397419
49.298961 303.663834 -184.810121
49.818677 296.530721 -184.136290
50.016318 307.891386 -162.077511
50.039757 300.115596 -184.091439
50.063498 287.549662 -171.421106
50.150267 281.425169 -177.600802
50.452600 314.958038 -183.047333
50.615619 308.581649 -182.735053
50.653687 307.425343 -185.176359
50.921379 288.950194 -171.226696
50.927864 290.964718 -177.888781
51.157872 289.005735 -172.200152
51.290202 309.727872 -188.126474
51.439546 292.562537 -179.603229
51.582028 317.797952 -166.431587
51.678917 312.368200 -189.544141
51.863404 295.904896 -185.146856
51.945734 293.875947 -189.813415
52.669149 293.991215 -167.023811
52.741371 294.420338 -180.780876
52.892150 313.708523 -191.712567
