0.211933 220.323828 -131.356967
0.243558 222.293395 -133.266976
0.246482 222.290475 -133.250477
0.266354 222.272080 -132.911573
0.383372 223.115836 -132.325972
0.400164 225.969677 -130.505441
0.441910 229.957667 -133.013909
0.500496 228.127331 -133.590036
0.579226 226.274357 -133.590292
0.772527 228.808194 -131.407146
0.803669 228.321543 -132.798611
0.943349 230.679400 -132.144818
0.985509 230.145198 -133.915378
1.078265 227.676232 -128.612070
1.109158 222.020125 -131.305139
1.140952 220.446580 -132.265850
1.170323 222.696520 -131.656205
1.203133 222.500237 -130.884820
1.353367 225.583150 -133.709720
1.374962 225.232252 -130.128719
1.611211 227.029800 -133.920654
1.622148 228.118352 -131.853156
1.692582 229.259481 -132.878308
1.797550 229.045250 -133.613936
1.831012 230.522279 -134.218225
1.854547 232.931022 -130.773080
1.941087 227.923022 -135.293870
1.948881 231.933015 -131.456613
2.080681 234.631983 -131.221647
2.321186 225.051250 -132.871167
2.618181 233.436268 -130.235036
2.618291 236.878578 -130.759736
2.621205 232.497841 -133.403591
2.918388 238.891162 -133.447184
3.387612 232.353835 -134.168382
3.448984 234.270103 -127.682806
3.727155 237.770127 -132.371937
4.465237 239.418054 -132.577340
4.545405 234.636009 -131.636282
4.730043 235.570143 -130.749392
5.118520 238.595440 -132.949687
5.714748 239.295379 -125.660021
6.040383 239.225658 -124.733823
6.184913 238.290906 -128.955090
6.452933 237.715230 -134.748765
6.578064 248.431889 -131.303821
7.118551 241.684072 -132.672157
8.040327 243.712456 -129.136210
8.100198 239.316768 -130.360906
8.526006 240.840802 -128.752138
8.857135 240.413902 -133.624370
8.942351 246.760974 -133.450550
9.099917 255.553854 -131.991869
9.192192 243.716335 -134.917217
9.276049 245.626596 -135.510496
9.344541 240.001358 -135.658662
9.363685 248.380124 -128.478841
9.396994 243.401254 -127.688906
9.401437 246.513213 -126.041026
9.415956 246.924867 -134.047081
9.480358 244.265939 -131.391570
9.620767 244.414081 -133.744590
9.660874 249.018814 -132.108383
9.742528 240.799031 -132.817999
9.768819 248.939720 -131.268819
9.777078 252.926627 -136.198930
9.808940 254.543822 -130.542991
9.828163 253.973180 -134.689677
9.918176 245.699119 -133.327804
10.008840 253.143266 -133.128356
10.109177 242.634832 -124.932964
10.140991 244.775485 -138.340063
10.401762 241.367205 -130.732488
10.484336 245.632857 -125.845682
10.535544 250.566160 -129.798062
10.573585 252.532977 -132.008408
10.577121 251.639569 -134.739885
10.706763 246.895266 -137.132476
10.739228 259.607102 -135.646755
10.984141 249.479889 -134.239434
11.008131 258.201938 -127.645727
11.043422 254.015490 -134.440110
11.182584 251.446012 -134.337542
11.229552 255.131781 -127.789198
11.354042 256.025341 -131.574848
11.375463 261.142628 -130.121757
11.379704 251.416030 -133.310564
11.423180 265.253377 -139.163806
11.441108 260.508624 -132.108174
11.480969 259.920287 -133.530033
11.489323 258.063221 -138.745003
11.517931 261.083203 -135.360480
11.603026 257.389153 -133.122399
11.624025 261.269234 -134.590106
11.668825 264.825583 -141.347685
11.744211 265.623058 -138.221710
11.778024 263.646425 -145.429971
11.787739 269.455486 -138.765640
11.915176 276.893731 -131.838390
12.013981 265.628496 -142.862263
12.034625 256.361207 -134.731224
12.093104 255.570037 -134.525454
12.120475 260.495237 -132.416766
12.201311 252.215876 -138.703166
12.217421 256.645267 -135.697706
12.245640 262.588315 -136.517323
12.330072 271.083757 -135.087986
12.393981 266.329727 -133.814803
12.479822 259.009744 -140.070940
12.497750 255.497491 -131.199101
12.504338 262.341194 -137.510461
12.538256 257.686701 -142.034374
12.555860 260.488655 -143.166720
12.575456 258.963401 -129.754098
12.697207 271.459863 -133.091663
12.787298 265.809319 -139.815898
12.859229 264.595560 -137.444961
12.871114 267.063345 -145.377968
13.440684 262.844390 -141.603715
15.098663 270.058573 -139.447317
15.320485 274.429505 -138.331601
15.339053 264.286767 -137.667402
15.450796 264.844105 -141.348163
15.664892 266.015524 -134.279855
15.761845 270.066310 -134.948315
16.001128 271.755403 -138.220574
16.233736 264.357646 -133.438040
16.245257 268.845375 -138.560981
16.402380 274.141867 -133.644744
16.451081 278.623512 -135.445209
16.533534 276.598864 -139.522589
16.569198 277.693572 -143.853412
16.641348 270.976683 -134.408185
16.693444 275.456721 -132.228340
16.784721 276.638786 -140.041742
16.838969 276.501557 -143.295589
17.368608 273.319129 -140.767132
17.439709 267.696342 -148.188950
17.848920 269.133537 -145.229273
18.144238 281.021159 -141.062530
18.257804 267.292481 -146.400283
18.261996 267.937823 -144.129426
18.294673 270.337123 -139.238867
18.353661 285.755643 -137.315448
18.466573 277.665067 -138.138846
18.573601 282.563173 -138.240439
18.579078 276.526349 -150.637283
18.787549 279.164719 -146.763209
18.799453 282.786069 -142.937662
18.953456 286.694583 -146.836937
18.953543 285.237468 -141.735785
19.022095 269.064424 -160.916746
19.135766 277.814026 -137.627715
19.234909 279.591682 -142.756161
19.365409 278.350860 -142.342880
19.676545 267.766113 -137.824603
19.857128 276.152300 -158.415500
19.966440 272.482904 -140.671520
20.268479 269.505462 -151.163618
21.312873 255.832885 -161.883747
21.391340 271.319129 -159.731395
21.426994 261.387934 -170.810332
21.488523 268.338095 -160.709493
21.562191 261.157281 -158.658248
22.067913 276.390317 -159.320380
22.100015 255.151988 -150.289312
22.770508 263.886374 -167.614104
22.839767 268.021999 -165.398291
22.992876 265.453190 -170.537996
23.488237 262.118994 -169.386905
23.496828 259.465008 -164.111407
23.546114 258.850019 -162.536577
25.615310 260.335675 -163.699161
26.174290 276.273154 -169.160382
26.332562 260.403124 -169.122940
26.567216 262.937608 -164.388178
26.610645 271.270026 -171.105519
26.731633 273.491846 -158.018552
26.789859 278.440352 -164.853057
26.823265 277.890759 -157.239308
27.023039 264.919296 -162.717677
27.037587 260.850148 -167.833184
27.168392 253.073779 -165.735063
27.173600 255.489696 -157.381839
27.366233 277.172349 -160.430185
27.432375 274.934757 -167.401216
27.571943 277.164296 -166.399679
27.680813 276.148722 -165.206636
27.900892 283.872297 -165.517302
27.909965 288.374060 -163.961121
28.007666 255.471842 -165.797592
28.167426 276.446315 -165.758068
28.222521 259.142216 -160.301180
28.603990 266.425128 -162.856234
28.860358 280.459696 -164.767966
28.862916 286.563433 -165.211071
29.150567 275.552437 -155.395706
29.224441 277.012304 -167.399495
29.282326 280.348419 -164.586479
29.327866 271.412994 -163.156429
29.412935 266.699372 -170.760409
29.730188 277.109811 -165.834877
29.815134 278.139189 -170.658592
30.064451 279.881875 -172.695045
30.102727 273.452426 -160.580057
30.390410 267.600973 -167.993235
30.486305 272.630145 -171.423063
30.562257 272.033717 -180.630605
30.605002 266.858276 -156.423158
30.620248 291.462748 -158.618494
30.768342 263.256451 -173.903314
30.803290 285.558698 -175.836779
30.930598 290.135058 -166.869805
30.931225 265.369046 -167.067756
31.139978 268.341274 -169.209007
31.274487 270.367363 -164.896695
31.313291 264.767479 -169.567365
31.330078 271.776233 -170.819137
31.496153 280.959263 -177.042647
31.913087 275.025666 -170.477273
32.350950 282.983852 -167.550816
32.378928 286.688841 -169.007253
32.449977 293.172456 -174.411917
32.685970 294.189595 -173.802351
32.885422 284.396219 -179.200570
33.350530 283.425088 -172.116152
33.717451 268.885509 -171.515084
34.340414 293.788117 -174.723795
34.474405 280.516193 -160.077881
35.067123 290.576153 -175.507798
35.071289 281.697635 -164.748302
35.705682 296.106417 -175.650580
36.140292 282.575564 -174.735958
36.258391 283.870824 -169.731154
36.346329 269.852488 -173.078783
36.884089 281.828295 -170.459697
36.920122 301.155665 -168.823573
37.027496 299.838195 -174.360391
37.351526 291.272901 -171.473902
38.074789 293.039448 -171.761800
38.856426 297.618172 -161.821785
38.934016 297.464272 -178.666146
39.037810 295.734897 -177.540916
39.145062 297.846950 -168.380382
39.200603 282.581764 -165.971602
39.261569 281.501546 -178.346593
39.432305 284.021642 -169.362555
39.519555 273.801808 -170.522578
39.708741 280.282337 -176.642972
39.863571 295.778125 -178.631541
39.992129 274.298492 -173.443410
40.275754 286.159957 -173.799373
40.384174 295.681795 -184.986006
40.453933 272.202812 -167.963781
40.519479 286.249677 -175.737655
41.091462 297.020324 -174.264499
41.396259 281.847106 -166.135601
41.649921 290.132707 -176.741903
41.692281 296.001386 -174.983900
41.915672 275.219284 -174.223527
41.932314 301.661121 -180.860885
41.992322 278.107932 -184.747979
42.044630 279.699938 -180.422099
42.435871 277.274437 -173.075981
42.540752 278.110866 -171.852960
42.630702 291.909359 -167.183078
42.857675 292.196587 -174.953891
42.978323 298.497332 -173.947082
43.280137 311.581492 -169.518307
43.667664 293.021005 -167.325359
43.861356 308.930942 -176.276405
43.882540 290.515973 -181.375447
43.902384 286.296694 -174.104145
44.607236 304.416027 -179.361648
44.729260 278.981847 -176.431256
44.910753 280.174605 -173.227788
45.222809 296.580979 -190.066991
46.108998 304.915167 -174.941368
46.243980 305.094738 -173.381130
46.291080 291.985626 -173.102820
46.797118 294.366427 -174.799963
47.107149 284.052800 -188.112188
47.312222 293.155074 -181.749224
47.919308 294.664625 -182.910963
48.132132 292.303984 -186.232510
48.368710 313.859602 -165.585238
48.905774 292.546663 -170.452459
49.214137 283.075281 -162.252453
49.266351 290.120547 -174.959049
49.298961 273.809274 -169.218054
49.818677 303.307178 -184.776429
50.016318 297.098754 -183.033351
50.039757 307.502596 -163.178208
50.063498 299.487300 -183.457922
50.150267 287.243437 -171.730090
50.452600 283.101813 -177.873128
50.615619 314.639218 -183.031719
50.653687 308.523834 -182.857118
50.921379 306.501586 -184.478876
50.927864 289.050920 -171.559800
51.157872 290.866769 -177.604350
51.290202 290.041842 -172.996468
51.439546 308.869605 -187.700312
51.582028 293.824308 -178.944647
51.678917 317.526465 -167.587215
51.863404 311.545034 -189.324277
51.945734 295.803448 -185.380184
52.669149 293.881710 -188.673935
52.741371 294.012671 -167.711664
52.892150 295.384748 -181.327461
