0.2119326496158127 220.32162428511015 -131.35565333451245 true
0.24355819228148756 221.3075048161394 -132.31130987729134 true
0.2464816653693408 221.61769200419852 -132.5198692110319 true
0.26635362724151757 221.9588137635551 -132.49706582359443 true
0.3833716178053921 222.73019749862112 -132.0726522784828 true
0.4001636815869638 224.28652055903117 -132.22458382170316 true
0.44190992876240387 225.04904157285404 -132.4188828514884 true
0.5004961055843092 225.48048718935408 -132.5811339049909 true
0.5792259047775334 226.44092818132626 -132.4395907129225 true
0.772527305881885 227.40339722545474 -132.4819408979877 true
0.8036691472674251 229.84015607175098 -132.42249511435043 true
0.9433491672177242 230.22149554592204 -132.62876255250976 true
0.9855093412848182 230.7095685928511 -132.09739831530536 true
1.0782645569195148 228.81545783191763 -132.00307568703963 true
1.1091579936863587 226.940192687651 -132.03440540984033 true
1.1409515564113264 225.99493448486442 -132.0039510960759 true
1.1703227404965277 225.1960573227689 -131.89418879899887 true
1.2031330191343608 225.10611471193283 -132.05444941491177 true
1.3533670332850556 224.93906824293944 -131.8968645713582 true
1.3749617791403215 224.56590391635535 -132.05729827843365 true
1.6112108559259615 225.04286799514838 -132.03932195040684 true
1.6221482258192943 225.27418796307202 -132.09294240201297 true
1.6925821057287587 225.9235433075787 -132.19111470183242 true
1.7975496942304279 226.66172574919264 -132.3296148208612 true
1.8310120309526792 227.8682438858158 -132.22434748891246 true
1.8545467117678447 227.9306108278614 -132.40724133390214 true
1.9410866963861388 228.51592486210387 -132.35876643132173 true
1.9488807137827524 229.71480057788946 -132.300034987514 true
2.0806805327260007 229.12667777192257 -132.33441640447535 true
2.3211862362392655 230.15579622505518 -132.23784553252494 true
2.6181808905636057 232.32114746052923 -132.16203269919708 true
2.6182906578038394 233.7228907284175 -132.29860098580417 true
2.6212050819188755 234.71097389053466 -132.39149693184572 true
2.91838778733401 234.3565175204622 -132.55056697587136 true
3.3876121064393914 235.83113028952377 -132.05777446590042 true
3.448983624395221 238.3886529367252 -132.15252914473115 true
3.7271547757142707 238.9493619355399 -132.2262399182487 true
4.465236710867038 239.2681880924742 -132.1739584223328 true
4.545404660240049 240.57201558105976 -131.8693367359715 true
4.730042755671475 240.30760175027413 -132.1766000301505 true
5.118520125652946 240.644004871662 -131.07309558649476 true
5.7147475155272955 241.4433970368686 -130.03145802845805 true
6.04038323775154 242.17430803798553 -129.82394589515786 true
6.184912659998206 241.7817475519296 -130.6395307854812 true
6.4529327869509645 243.40911139037988 -130.7649084323501 true
6.578063841428533 243.71547465635197 -131.05034513642772 true
7.118550586688184 244.02795955144043 -130.83663928338265 true
8.040327012330728 244.3260640327814 -130.82151004749676 true
8.100197898866584 245.0479519793231 -130.53237023093243 true
8.526005562710957 244.19058789812922 -130.9182482528914 true
8.85713463107124 245.08678575645845 -131.29287714738606 true
8.942350518660877 247.45554811970905 -131.46882394196345 true
9.099917394310598 247.04216052006387 -131.80944354076692 true
9.192192281819782 247.17907127586972 -132.17473871802375 true
9.276048808365559 246.38815038526678 -132.48731213267814 true
9.344541181642658 246.7547668244114 -132.19592226483542 true
9.363685194554538 246.46954268354725 -131.87118868391627 true
9.39699371743409 246.47705023064046 -131.4454530458024 true
9.401436635252495 246.58285426414756 -131.6288327869702 true
9.415956158357071 246.39921356004047 -131.6016189234139 true
9.480358303351942 246.2528924541152 -131.72568082206195 true
9.620766793848768 246.5703916363846 -131.7610945068655 true
9.660873518517342 246.32794007659137 -131.82890571477216 true
9.742528125419806 246.5376655473862 -131.7993750358666 true
9.768819390824204 247.0643486027818 -132.04853759905535 true
9.777077561752911 247.56064784718828 -131.99193659192773 true
9.808939501521248 247.97988795423436 -132.1264165256086 true
9.828163177806474 247.88844838787878 -132.17731925668616 true
9.91817645914737 248.2335770075535 -132.24811453451693 true
10.008840119338021 248.0854777011754 -131.9489639910395 true
10.109177098838789 248.09248095924838 -132.21538275583916 true
10.140991331586635 247.89999545505617 -132.1781144501648 true
10.401762109141423 247.81043924043482 -131.94990375697665 true
10.484335977610696 248.32653390586404 -131.92421993674415 true
10.535544215042558 248.675017852986 -131.9488025998137 true
10.57358466847683 248.93033939802683 -132.05617530110686 true
10.577120542135352 248.86940205088578 -132.2249131171305 true
10.706762523083238 249.41991294825388 -132.3596215278114 true
10.739228166639922 249.64529594664728 -132.45931014373875 true
10.984140764556882 250.10441744560018 -132.33074319254115 true
11.008131125111117 250.80816684130585 -132.47190005431636 true
11.043421656750382 250.88602124844724 -132.54852999218085 true
11.182584260916848 251.15047717338038 -132.41876171856615 true
11.229552045853339 251.67509939931378 -132.4463837629342 true
11.354041993065639 252.25722709298896 -132.41274185532117 true
11.375462657953081 252.48179494618307 -132.46367739952936 true
11.379703857296146 253.16841835238375 -132.70829977092922 true
11.423180015811134 253.51208456147597 -132.70870335877245 true
11.441107954060127 253.92302021915745 -132.75400783508044 true
11.480968879173723 254.15836099301126 -132.93468512605173 true
11.489322906298794 254.5808857261272 -133.03204336072966 true
11.517931030918666 254.71215941474534 -133.0414708140278 true
11.603026363407512 255.0547942843249 -133.09509359239144 true
11.624024543726815 255.736541373688 -133.36285608501612 true
11.668824745934891 256.2040737233434 -133.50153788715278 true
11.744211104010521 256.6616076974523 -133.83455367932294 true
11.778024101739618 257.43142934298095 -134.0251303602688 true
11.787738774525117 258.3180305919535 -134.0114874394157 true
11.91517594247385 258.66140769910373 -134.25074137034923 true
12.013980669287967 259.1241634735614 -134.32759676203304 true
12.034624739170258 259.387139115773 -134.38136364597835 true
12.093104035019772 259.53347537510825 -134.33259382839123 true
12.120474799605223 259.484721115311 -134.47184803413217 true
12.20131067938142 259.47697714941216 -134.51154138736524 true
12.21742115375558 259.91895812268115 -134.61326908151904 true
12.24564048988994 260.42961077317284 -134.65555705092115 true
12.330071561422036 260.7870292111154 -134.64997428121504 true
12.393980840462936 261.10480626313614 -134.85021441436703 true
12.47982240053541 261.14267227759734 -134.7683167067341 true
12.49774981887963 261.57134274243685 -134.8851254513825 true
12.504338119427995 261.5023601559554 -135.07781805892262 true
12.538255865795861 261.5098278421873 -135.31044273401383 true
12.55586014795654 261.5277441099538 -135.17665225986707 true
12.575456127377915 261.9639653398812 -135.13856825439618 true
12.697207049489085 262.1916909394235 -135.27319388640313 true
12.787298109534703 262.81235458469433 -135.39026311933756 true
12.859228681800992 263.39836114861765 -135.73202149234396 true
12.871113912301384 263.6907231306941 -135.9411598794332 true
13.44068430861864 263.98191645359327 -136.0545824526329 true
15.098663198575505 267.5482208897295 -136.6053716853317 true
15.320485265313224 270.48389954522355 -137.73693234255424 true
15.339052934225238 269.31812364959274 -139.3617890610805 true
15.450796473462196 268.5908983718438 -138.08134328471007 true
15.664892047144983 269.2887977537732 -137.46262622597942 true
15.761844530345458 270.56377037243993 -137.8478296443129 true
16.001128059003353 269.98497799417595 -137.25759473961952 true
16.233736246671434 270.66721782867955 -137.81021835029935 true
16.245256649867873 271.94126997749737 -137.60883379938633 true
16.40238031209242 272.7784260196586 -137.34766528918826 true
16.451080813185023 273.7706875853075 -137.83320749240943 true
16.533533857515 274.3800698598811 -138.56158346337995 true
16.56919764103853 274.35472353321165 -138.35337827760753 true
16.641347540928226 274.57336911224235 -137.87991682526203 true
16.693443589414954 275.0077817648694 -138.17795732660235 true
16.7847209594675 275.3286186594953 -138.66732383420484 true
16.838969215334807 275.552112009238 -138.9736836615325 true
17.36860777919673 275.2360365805 -139.69392807235857 true
17.439708783762686 276.3144494478812 -141.4638227170123 true
17.848920393187406 277.1225678353798 -141.56274999894958 true
18.144237512036593 277.2406557347104 -143.09825269106057 true
18.257803676846166 276.9509043416536 -143.96744169704294 true
18.26199606124122 276.42634154326333 -143.70748334810162 true
18.29467287219397 277.4646082030186 -143.04731420070772 true
18.353660974692158 277.56012146032407 -142.6679414561433 true
18.466572629802148 278.21127297678555 -142.37226456457162 true
18.573601051781207 278.41365026537704 -143.35348269708592 true
18.57907768974909 278.79458571300887 -143.91173254682255 true
18.787548642821076 279.08972713888096 -143.8397833363187 true
18.799453499778416 280.33084647025777 -144.63995423264203 true
18.95345559420888 280.7820422101117 -144.39237684116196 true
18.95354342520375 280.4033076390009 -146.05644617085852 true
19.022095178602278 280.2197825411488 -145.4811504546756 true
19.135766369269984 280.397511688569 -145.49420602770368 true
19.23490940734468 280.6613009539031 -145.6241219329351 true
19.36540923510684 280.14541608792575 -145.34497172099634 true
19.67654491636641 280.32168422255313 -146.5336264150615 true
19.857128054966477 280.6469130211746 -146.8909800439294 true
19.966439958303592 280.36754443110283 -147.6456581014144 true
20.26847917001988 278.8076717162516 -148.9635713955668 true
21.312872507999714 279.0070150233466 -150.65195544451024 true
21.39134006044325 275.90839279014364 -158.6298553326137 true
21.426994189923903 274.5890067103562 -159.3396758374863 true
21.488523448675 272.29280802808967 -159.42652478076548 true
21.562190951608674 273.10277447480183 -159.65967833438506 true
22.067912787589425 270.90896487128845 -158.71893910216383 true
22.10001531978985 269.6514972628815 -161.80087442005683 true
22.770507694678287 269.4310463924962 -162.33454812519892 true
22.839766635570125 267.7186279215266 -165.94476859066046 true
22.992875552323326 266.79402670116383 -166.72730182536208 true
23.488237009910566 265.6575256123032 -166.84743113894464 true
23.496828234137535 263.77255757124334 -167.3114966057963 true
23.54611353763416 263.21939771188033 -166.8449035611905 true
25.615309833769583 264.676587222165 -167.21673857992633 true
26.1742895658619 257.5386068094987 -170.46189550159036 true
26.332562289340252 257.30150277984586 -169.74003870596712 true
26.567216464696592 260.61133146311346 -170.625973290634 true
26.610645176379904 262.5665644539188 -168.89055107165436 true
26.731632518407917 265.1932946173531 -168.5646589271146 true
26.78985869887126 266.84133192196816 -167.31760080964287 true
26.823265155060717 266.46050573121727 -166.82995148875196 true
27.023038909262947 265.7884141793349 -166.97102294911429 true
27.037587254729015 263.95297141366405 -167.15148917977305 true
27.16839175799062 262.9628337139156 -166.26874845631923 true
27.1735996001349 263.9449526160188 -165.9684419369064 true
27.366233337111026 264.8379237096706 -166.10501233486752 true
27.432374637704992 265.3950028236487 -166.427756846295 true
27.57194340172056 266.0223513381255 -166.4439357246009 true
27.680812581338667 266.96873220739855 -166.59776497879466 true
27.900892411927806 268.3155905055794 -166.5802440912898 true
27.909965260679947 266.86945814118747 -166.845398938623 true
28.007666155227373 267.5295911372338 -166.80715854843442 true
28.167426379005143 266.7755742226041 -166.56271547952363 true
28.222520889632285 266.3591512965711 -166.57547454687688 true
28.603989998223575 267.0346216282787 -166.54425248437045 true
28.86035764070972 267.58348030729195 -167.0142685755876 true
28.862916340066754 267.6408372033579 -166.54915796928367 true
29.150567211963594 268.2380601069951 -166.60050656613 true
29.22444135087124 268.57223403921495 -166.84720916743996 true
29.282326218849043 268.6484577221086 -166.69128043532044 true
29.327866404291463 268.37673537033595 -167.02573674017125 true
29.41293525497807 268.8036493738664 -166.9948849880619 true
29.730187584067505 269.1602874193824 -167.28106505022114 true
29.815134358972475 269.24499237912727 -168.0547042736085 true
30.064451452449806 269.3739136837138 -167.7383421933259 true
30.102726635505512 268.8281953873464 -168.09747374176504 true
30.39040969400788 268.9706995023154 -168.28996140065638 true
30.48630475668702 268.65234929408643 -169.45299930601917 true
30.562257023089746 268.344133189075 -168.89560030742294 true
30.605002084053393 269.5855095028644 -168.36394771240398 true
30.620248266897228 269.1185819568254 -168.70518645771153 true
30.768341534534194 269.8711580063273 -169.04622465451087 true
30.803290396555674 270.7029314682896 -169.08881879402105 true
30.93059759058959 270.400724202547 -169.05090708746857 true
30.93122498349837 270.11145890428924 -169.23850363342493 true
31.139977713297952 270.1459340632934 -169.04746194881872 true
31.2744865730374 269.58109774907376 -169.3542572386274 true
31.313291441240505 269.45590759593404 -169.5764310353951 true
31.33007806672319 269.88621745259934 -169.91198475460797 true
31.4961533019454 270.0548086557304 -169.95049413098502 true
31.913086741557557 270.35488436112036 -170.03905339303225 true
32.35095034177634 270.5713895229262 -170.46575829304388 true
32.37892824873537 271.3181445750301 -171.12419330626832 true
32.449976925032274 272.5597166872563 -171.17446627828855 true
32.68597017064668 273.0694586984557 -171.6073206545375 true
32.88542191073142 273.39895172428584 -171.85285426867242 true
33.35052993479015 272.89933750301793 -172.07693030318467 true
33.71745051351691 273.66173325769034 -172.68806736107445 true
34.34041443601895 273.82299622919044 -172.32651427985596 true
34.47440456097792 274.51692327434137 -173.11416632965094 true
35.067122688743865 274.898271576068 -172.67770435072939 true
35.07128926770289 276.01692320406835 -173.2962156202546 true
35.70568183819606 276.40391310799123 -173.35999289982988 true
36.14029219149624 276.69460314803496 -173.64157499830574 true
36.25839135689012 276.1022408351009 -174.0497472194426 true
36.34632890373443 276.3884011516052 -173.88188592942555 true
36.88408887626633 277.8483423245264 -173.44348710775716 true
36.920121810143 279.00533023944394 -173.72611572434113 true
37.02749586785363 279.67506922183156 -173.5302491692126 true
37.351525870969844 280.33707624780203 -173.43655192315555 true
38.074789313169035 281.2570587662013 -172.7722884846753 true
38.85642597656154 281.9691452233157 -173.27083217839476 true
38.9340162227923 282.6178478053127 -173.69097266905612 true
39.03781040447836 283.43356073149533 -173.25992485127296 true
39.145061593406076 283.4657113321668 -172.84392614339558 true
39.2006029978406 283.3226831154167 -173.20315481458286 true
39.26156898360215 283.40338089716545 -173.006231519365 true
39.43230543879004 283.024898651525 -172.94841118750767 true
39.51955507508715 282.85680483029876 -173.18178843110564 true
39.708740835142066 283.34334050361025 -173.37979083897866 true
39.86357130089822 282.99104980206505 -173.49302008370637 true
39.99212940006192 283.0815732611896 -173.50511876702564 true
40.27575350794307 283.47464209666543 -173.9988080422665 true
40.38417383457474 283.1189755982137 -173.8709577057094 true
40.45393276810024 283.1874519059512 -173.9720758459885 true
40.51947860048892 283.63004700002506 -173.95122707669768 true
41.091461934257 283.6047994566742 -173.64345365262733 true
41.39625901546348 283.76762109077123 -173.88630353345152 true
41.649921294112154 284.1399115999234 -173.94678456717733 true
41.69228149282762 283.8596296474678 -174.04285066762696 true
41.91567164902499 284.3369817792032 -174.25135321787485 true
41.93231413461523 284.1389665251631 -174.77199419354227 true
41.99232212566576 284.01161085371183 -175.03162350206566 true
42.04463032655647 283.85356842609303 -175.0009506526276 true
42.435871093390375 283.7084702985567 -174.93146100653135 true
42.54075154288483 283.92128344691446 -174.73841704077134 true
42.630702024640385 284.1035762117536 -174.76110694411165 true
42.85767549016509 284.4094468893628 -174.73701694776494 true
42.97832305769738 285.0420835924193 -174.5428811749039 true
43.28013671884545 285.2112446395946 -174.27384564982327 true
43.66766427175864 285.7299099839705 -174.3252363239609 true
43.86135626850865 285.8219615719607 -174.66282799325313 true
43.88254020536411 285.81432041088686 -174.67184808100586 true
43.90238372953795 286.2001111060261 -174.81260514758822 true
44.60723646766986 286.0558078584981 -174.89663836327185 true
44.729260105694095 285.935813625548 -174.96492653689637 true
44.9107533596793 286.1148222931816 -175.58785343625408 true
45.22280854355822 286.46671880060643 -175.61075247680836 true
46.108997903112375 286.8301723155466 -175.59803699910665 true
46.24398048689464 286.93907424367546 -175.73959198235454 true
46.29108034198268 287.0900056302285 -175.70752584164345 true
46.797118423218954 287.0313895996289 -176.2400601923039 true
47.10714877205101 287.15080038536547 -176.63809201659186 true
47.31222187386965 287.3003043542391 -177.01256984882784 true
47.9193077354397 287.3731977734506 -177.53615948555395 true
48.1321320830206 287.90504749841847 -177.28795342830972 true
48.36870981385521 288.0039364394095 -177.08712467957318 true
48.90577445574679 287.89405065705677 -176.4709395528807 true
49.21413747299944 287.9649678543741 -176.55308395212597 true
49.26635053835228 287.67761488777 -176.2383037808041 true
49.298960759796586 287.97199943662395 -176.6411722662211 true
49.81867742416388 288.1294271242095 -176.97590680477236 true
50.0163178497816 288.4933643887207 -176.4656933119093 true
50.03975703746415 288.70294542456753 -176.84207369132503 true
50.06349759457463 288.68195140787645 -176.620792036077 true
50.15026676918647 288.56070002058976 -176.66281835909373 true
50.452600155805925 289.0011698581129 -176.93878415237248 true
50.61561940945429 289.3349455408943 -177.258247678815 true
50.65368674191642 289.6367061045662 -177.6204110734693 true
50.92137899321431 289.62356422302616 -177.39403439055639 true
50.927863690654966 289.65392295347317 -177.49288602132492 true
51.15787175170749 289.64270745156995 -177.30389297158305 true
51.29020225103843 289.95808774961165 -177.75726756679407 true
51.439546372654284 290.00298325729216 -177.86622186142492 true
51.582028352572365 290.4229692436659 -177.52101051947764 true
51.67891655763502 290.75457598576077 -177.97893264301558 true
51.86340378552852 290.83471997389006 -178.25290089032566 true
51.94573390096207 290.8918584127365 -178.70591616603974 true
52.66914942314694 290.93622902408856 -178.36207707458775 true
52.74137092190862 291.0283185907676 -178.72015499260164 true
52.89214987542174 291.38641031191355 -179.22029761574964 true
