0.2119326496158127 220.32382750135298 -131.3569668910458 true
0.24355819228148756 222.29339520597935 -133.26697597664088 true
0.2464816653693408 222.2349824744327 -132.93698996410748 true
0.26635362724151757 222.97693275514314 -132.4286554334152 true
0.3833716178053921 225.75500285830043 -130.3749951505036 true
0.4001636815869638 230.0484931413654 -132.9839166830294 true
0.44190992876240387 228.2319640669499 -133.5837666155702 true
0.5004961055843092 226.1393023474963 -133.7091597902613 true
0.5792259047775334 228.84040012750455 -131.33179989033079 true
0.772527305881885 228.1962830092254 -132.83871924714032 true
0.8036691472674251 230.7014880395933 -132.03655523555068 true
0.9433491672177242 230.25972270216764 -134.20181524693805 true
0.9855093412848182 227.969231723014 -128.4730728740978 true
1.0782645569195148 222.10922831379554 -131.25302237439774 true
1.1091579936863587 220.3271655166652 -132.29535911906476 true
1.1409515564113264 222.7154547265137 -131.7051817150305 true
1.1703227404965277 222.33675193508464 -130.72565238251994 true
1.2031330191343608 225.6064476783074 -133.90900692267186 true
1.3533670332850556 225.14049149496878 -129.9232724140582 true
1.3749617791403215 226.97571054055257 -134.03220851874366 true
1.6112108559259615 228.05750414117884 -131.80112197918402 true
1.6221482258192943 229.27445673554675 -132.84180307319406 true
1.6925821057287587 228.97494410805612 -133.57189994098525 true
1.7975496942304279 230.38107068542172 -134.41262879456048 true
1.8310120309526792 233.20523876213724 -130.52456217016766 true
1.8545467117678447 227.7209059494116 -135.4949191336041 true
1.9410866963861388 231.76323040042058 -131.47393584461628 true
1.9488807137827524 235.1589214806953 -131.12747185253417 true
2.0806805327260007 224.62015971288074 -133.01097813623545 true
2.3211862362392655 233.24197542893938 -130.21474568785035 true
2.6181808905636057 237.12781966459565 -130.62054970676803 true
2.6182906578038394 232.14298818624607 -133.40427623217386 true
2.6212050819188755 239.2400445584758 -133.39057863249747 true
2.91838778733401 232.26239681574683 -134.52268015269857 true
3.3876121064393914 234.09115934593004 -127.43670824581166 true
3.448983624395221 237.67003433411134 -132.35866854626096 true
3.7271547757142707 239.67189234117208 -132.62403676157504 true
4.465236710867038 234.59512205081086 -131.69010978324755 true
4.545404660240049 235.4128591220634 -130.61355896295254 true
4.730042755671475 238.558535362563 -133.33021825298277 true
5.118520125652946 239.29662793775861 -125.71958933239594 true
5.7147475155272955 239.27164618312935 -124.5282143163426 true
6.04038323775154 238.35189216913662 -128.64038975553484 true
6.184912659998206 237.1321733782994 -134.93439364992514 true
6.4529327869509645 248.7933087918531 -131.22181604000275 true
6.578063841428533 241.56491081631765 -132.86192374071234 true
7.118550586688184 243.94813693150886 -129.0665844356648 true
8.040327012330728 239.23452054917774 -130.45908799067604 true
8.100197898866584 240.8794781741845 -128.49545784513103 true
8.526005562710957 240.10594547713535 -133.6290550878599 true
8.85713463107124 246.26507429713 -133.5353440975536 true
8.942350518660877 256.1830588789283 -131.83947057095008 true
9.099917394310598 243.59895132913414 -134.88744387820276 true
9.192192281819782 245.94662096659485 -135.48290781864844 true
9.276048808365559 239.54612937512323 -136.03466189463586 true
9.344541181642658 248.6507101476817 -128.5146627107439 true
9.363685194554538 243.2389936279449 -127.79821999194213 true
9.39699371743409 246.48419878165691 -125.61194296511398 true
9.401436635252495 247.06448377586406 -134.1936076360659 true
9.415956158357071 244.27215637936973 -131.26307649686373 true
9.480358303351942 244.14780047808608 -133.8329375490672 true
9.620766793848768 249.47341613089372 -132.06597936034564 true
9.660873518517342 240.38138143862952 -132.91404816056604 true
9.742528125419806 248.73437910729044 -130.99305731692232 true
9.768819390824204 252.84119802669844 -136.50829878036149 true
9.777077561752911 254.54976862826538 -130.32093265274312 true
9.808939501521248 254.43082742212403 -134.76210305991924 true
9.828163177806474 245.27787241789548 -133.31358831256205 true
9.91817645914737 253.70279854341504 -133.5979008627061 true
10.008840119338021 242.51213970948038 -124.20699540849206 true
10.109177098838789 244.96598073700707 -138.72636467118133 true
10.140991331586635 241.1560711458481 -131.0003344689569 true
10.401762109141423 245.37874598784794 -125.64340568941111 true
10.484335977610696 250.4609615459692 -129.68893409752246 true
10.535544215042558 252.56492134096982 -131.8714824700243 true
10.57358466847683 251.92602743292218 -134.60999585430065 true
10.577120542135352 246.19686652124403 -137.2077865144746 true
10.706762523083238 260.1648631727681 -135.701570991209 true
10.739228166639922 249.00964014638748 -134.60525573065087 true
10.984140764556882 258.41462660699915 -127.28882802256513 true
11.008131125111117 254.16084889399565 -134.4268046206915 true
11.043421656750382 251.25367278741157 -134.6929120977548 true
11.182584260916848 255.1004530159323 -127.58551098570291 true
11.229552045853339 255.72701348756834 -131.65925183990765 true
11.354041993065639 261.6935730253865 -129.9711766427788 true
11.375462657953081 250.6746757861311 -132.9827880591999 true
11.379703857296146 265.5017670705895 -139.53830845538255 true
11.423180015811134 260.5339750334317 -132.04826071558603 true
11.441107954060127 260.02696007717134 -133.24652013530658 true
11.480968879173723 257.89350281436134 -138.91677585677357 true
11.489322906298794 261.2878636310375 -135.4813270889739 true
11.517931030918666 257.1946555232865 -133.0643834280208 true
11.603026363407512 261.08459627963566 -134.22468554152977 true
11.624024543726815 264.77735012417224 -141.53309090379668 true
11.668824745934891 265.74201568768103 -137.82496452942206 true
11.744211104010521 263.36286102660233 -145.75986637923498 true
11.778024101739618 269.0341362754658 -139.1619539350514 true
11.787738774525117 277.4611238858728 -131.2356735648814 true
11.91517594247385 266.1132736824815 -143.28999936520557 true
12.013980669287967 256.4177300322143 -134.73527249747352 true
12.034624739170258 255.28727796018433 -134.65429685703646 true
12.093104035019772 260.9424631947478 -132.07744815640532 true
12.120474799605223 251.9979409425044 -138.8638145927984 true
12.20131067938142 256.35664628712163 -135.65084645414248 true
12.21742115375558 262.1290545731444 -136.5880419733716 true
12.24564048988994 271.3142592070113 -135.1736656441757 true
12.330071561422036 266.7042250459153 -133.46007029229048 true
12.393980840462936 259.2142575675807 -140.55471648215672 true
12.47982240053541 255.1239770035902 -130.87918618850955 true
12.49774981887963 262.5942496065889 -137.2774756004855 true
12.504338119427995 257.5331399915799 -141.93718870311096 true
12.538255865795861 260.60436143600117 -143.88089098748827 true
12.55586014795654 258.29023805312664 -129.59747119674756 true
12.575456127377915 271.75350290752544 -132.73000327999176 true
12.697207049489085 265.88070548049336 -139.96319354049928 true
12.787298109534703 264.4529760841763 -137.01728525936818 true
12.859228681800992 267.30466421449177 -145.57079548569635 true
12.871113912301384 262.47828708939727 -141.71424694609837 true
13.44068430861864 269.80035376052876 -139.50360754921215 true
15.098663198575505 274.964736503005 -138.37778868939716 true
15.320485265313224 264.26010373884066 -137.45402715175558 true
15.339052934225238 264.79336774589615 -141.72151441525324 true
15.450796473462196 265.808114623047 -134.2544763874292 true
15.664892047144983 269.95630296114376 -134.762057213216 true
15.761844530345458 272.1564535426322 -138.48720624443473 true
16.001128059003353 264.1354519703742 -133.1545597341006 true
16.233736246671434 268.57933350319354 -138.82416016069283 true
16.245256649867873 273.900169507139 -133.56057417290017 true
16.40238031209242 278.7341184777054 -135.24396398315375 true
16.451080813185023 276.5219970491339 -139.26886322934527 true
16.533533857515 278.05933075374503 -144.34337789350582 true
16.56919764103853 270.74416340851764 -134.54406057332693 true
16.641347540928226 275.3945471724155 -131.82654877242584 true
16.693443589414954 276.63801888665137 -139.8623797500785 true
16.7847209594675 276.6533649265886 -143.44962208649454 true
16.838969215334807 273.6172074635525 -140.36896021191086 true
17.36860777919673 267.655635258202 -148.33238659451183 true
17.439708783762686 268.4697614469028 -145.4636557753666 true
17.848920393187406 281.74528026422746 -140.77600266330398 true
18.144237512036593 267.2628492790943 -146.50654106514355 true
18.257803676846166 267.8554742194762 -144.38137121391816 true
18.26199606124122 269.502448444351 -139.34246245440372 true
18.29467287219397 286.19592995056087 -137.27055769545547 true
18.353660974692158 277.3901904655579 -138.16837298505104 true
18.466572629802148 282.887711807976 -137.57783179660086 true
18.573601051781207 276.39694403882294 -150.82996816615764 true
18.57907768974909 278.9850334299373 -146.9762548767574 true
18.787548642821076 282.5787454341331 -142.71532926696912 true
18.799453499778416 286.7252106809739 -147.16198655970777 true
18.95345559420888 286.11265404561044 -140.66099915728336 true
18.95354342520375 268.608939010564 -162.15670750291255 true
19.022095178602278 277.7186373321374 -137.35747599521474 true
19.135766369269984 279.6264174073141 -142.7622545920404 true
19.23490940734468 278.931700322169 -142.64038534673335 true
19.36540923510684 267.3148931277102 -136.69027286142 true
19.67654491636641 276.3392945621521 -159.37687316802962 true
19.857128054966477 272.59940007037784 -140.1494031354126 true
19.966439958303592 270.26947396766707 -150.59174708251425 true
20.26847917001988 254.9892342881401 -162.02917481946324 true
21.312872507999714 271.86224857068936 -159.12062056577818 true
21.39134006044325 260.99985766495126 -171.33610041264373 true
21.426994189923903 268.76139080262635 -160.8207377932428 true
21.488523448675 260.2954698717688 -158.59583688495596 true
21.562190951608674 277.53169741541296 -159.84405300655922 true
22.067912787589425 254.70408978088457 -149.3705871274793 true
22.10001531978985 263.66205946280604 -167.74509063335609 true
22.770507694678287 268.1483454720015 -165.12534816478052 true
22.839766635570125 265.62141657463826 -170.58420280875762 true
22.992875552323326 262.2568862363504 -169.66007269419282 true
23.488237009910566 259.4990449522247 -164.19671924137762 true
23.496828234137535 258.81830479516185 -162.49048230086368 true
23.54611353763416 259.4525925641527 -163.412371951627 true
25.615309833769583 277.1142400961221 -169.14815393992697 true
26.1742895658619 260.2925255608775 -169.39270884530123 true
26.332562289340252 262.5044938744729 -163.9973249777496 true
26.567216464696592 271.1667775872687 -171.8143893212609 true
26.610645176379904 273.23173919876126 -157.63699140926445 true
26.731632518407917 278.43387870209483 -165.26819729586174 true
26.78985869887126 278.5633391258314 -156.96538400279908 true
26.823265155060717 265.11173571753454 -162.44386658525232 true
27.023038909262947 261.2629439036759 -167.92008211012137 true
27.037587254729015 253.00703171403072 -166.18212709575815 true
27.16839175799062 254.34196989021004 -157.2408470142762 true
27.1735996001349 277.2964981586244 -160.0606910958125 true
27.366233337111026 274.813521477797 -167.45056564115478 true
27.432374637704992 277.23822504000105 -166.46357238773857 true
27.57194340172056 275.7596533527105 -165.18570909428612 true
27.680812581338667 283.54102641095676 -165.60425625751554 true
27.900892411927806 290.1664300228907 -163.86516996555426 true
27.909965260679947 254.319031768024 -165.78419775863543 true
28.007666155227373 277.37523623728634 -166.05207968747206 true
28.167426379005143 258.7968073213033 -160.1718547289084 true
28.222520889632285 265.7049890422927 -162.75836839063268 true
28.603989998223575 280.1077618011683 -164.7156847278907 true
28.86035764070972 287.1464506922814 -165.76131714072082 true
28.862916340066754 275.4861055807488 -154.7564041763353 true
29.150567211963594 276.81273367571316 -167.54243906326968 true
29.22444135087124 280.80413663490776 -164.6835629653824 true
29.282326218849043 271.68978313910867 -162.74189240344086 true
29.327866404291463 266.1540048021346 -171.03261720879172 true
29.41293525497807 277.06135146940477 -165.5884599948758 true
29.730187584067505 278.03055039236403 -170.51679212719785 true
29.815134358972475 280.2033231760012 -173.3527914151002 true
30.064451452449806 273.77436463282913 -160.19786234870284 true
30.102726635505512 267.3355822773885 -167.8417635977821 true
30.39040969400788 272.6433875166505 -170.87119546412742 true
30.48630475668702 272.37854661931226 -181.90855217736558 true
30.562257023089746 265.4819637817776 -156.34960324153647 true
30.605002084053393 293.0082108401591 -157.82069331117071 true
30.620248266897228 262.0989577435264 -173.77670287853158 true
30.768341534534194 285.2488173818865 -176.3089263199017 true
30.803290396555674 291.4464245698381 -166.86598175115287 true
30.93059759058959 265.2190913971834 -166.9424395939002 true
30.93122498349837 268.21817695507343 -169.4487765469564 true
31.139977713297952 270.6801211720741 -164.65338090789214 true
31.2744865730374 264.42495975000554 -169.51965615749077 true
31.313291441240505 271.2753449069775 -170.47383264725485 true
31.33007806672319 281.29311133461704 -177.37991635340293 true
31.4961533019454 274.61614359700314 -170.63453700803427 true
31.913086741557557 282.8065891681256 -167.48926567115151 true
32.35095034177634 286.35184222273574 -168.72026699231537 true
32.37892824873537 293.0918134527351 -174.45997992286644 true
32.449976925032274 294.7046624514254 -173.4987285030987 true
32.68597017064668 284.4033186444865 -179.57118237283356 true
32.88542191073142 284.26132685908897 -172.15893377844438 true
33.35052993479015 267.5365399126319 -171.30329698853325 true
33.71745051351691 294.51591622177136 -175.53902762490597 true
34.34041443601895 279.95992205361256 -159.2343809379848 true
34.47440456097792 291.08534583314844 -176.10438110418474 true
35.067122688743865 280.90149532194494 -164.1727207769357 true
35.07128926770289 296.82428316907374 -175.6843471377724 true
35.70568183819606 282.4669627783521 -175.00900921910053 true
36.14029219149624 284.638980390645 -169.54798965563916 true
36.25839135689012 269.27584668993757 -173.2112678108019 true
36.34632890373443 280.80867566910683 -170.56157342373112 true
36.88408887626633 301.2010561238816 -168.52404028101645 true
36.920121810143 300.2932251606279 -174.51468800642974 true
37.02749586785363 291.1926167675375 -171.42875379558063 true
37.351525870969844 292.7983110926266 -172.33171435609023 true
38.074789313169035 297.6210566432751 -160.9334347783744 true
38.85642597656154 297.5633581795088 -178.7004431419405 true
38.9340162227923 295.58163147877707 -178.01450323865214 true
39.03781040447836 298.64694054432096 -168.5427559308146 true
39.145061593406076 282.6471312374799 -165.295276992485 true
39.2006029978406 281.33978226558946 -178.82177513744423 true
39.26156898360215 284.57505078775 -169.3181259417223 true
39.43230543879004 273.5068703932777 -170.20671515709364 true
39.51955507508715 279.40562215977184 -176.5239794919067 true
39.708740835142066 296.93991590200017 -178.90382151671696 true
39.86357130089822 273.7041067914153 -173.45820450568428 true
39.99212940006192 285.5918103231051 -173.16230883837827 true
40.27575350794307 296.95475217265687 -185.90359448942726 true
40.38417383457474 271.4956123199232 -167.55181661369025 true
40.45393276810024 285.63961568025803 -175.79111219918502 true
40.51947860048892 297.84084038285346 -174.72196393017467 true
41.091461934257 281.4305211856896 -165.5726652434823 true
41.39625901546348 289.762224235542 -176.83138699210818 true
41.649921294112154 297.1718737484763 -175.04170872297996 true
41.69228149282762 273.7621128284719 -173.885534856648 true
41.91567164902499 302.90552702596926 -180.6453812878326 true
41.93231413461523 278.0174077814284 -184.9554471517847 true
41.99232212566576 279.8279010679671 -180.8060901702385 true
42.04463032655647 277.26863853865154 -173.12627595475445 true
42.435871093390375 277.38461461180907 -172.12038328024005 true
42.54075154288483 291.9096383358211 -166.7719243324776 true
42.630702024640385 291.9040482379902 -174.9949986383624 true
42.85767549016509 297.7548196141355 -174.17283753644392 true
42.97832305769738 312.6050759391825 -169.65771958470586 true
43.28013671884545 292.13339306124203 -166.86947712315308 true
43.66766427175864 309.88562600605235 -175.98710520394127 true
43.86135626850865 290.7919434202214 -181.77310588943922 true
43.88254020536411 285.27253877184717 -173.81991972575656 true
43.90238372953795 305.7556437326261 -179.50443476327706 true
44.60723646766986 278.96330942788313 -176.64869856499993 true
44.729260105694095 279.33407018477214 -172.29983957362637 true
44.9107533596793 296.14476906318663 -190.85880302447598 true
45.22280854355822 304.8689725812444 -175.02257236924123 true
46.108997903112375 305.7928588386559 -173.39848899485807 true
46.24398048689464 291.83043694092316 -173.0513070449483 true
46.29108034198268 294.9342158529916 -174.0815586540828 true
46.797118423218954 283.57843239132154 -188.44965434250017 true
47.10714877205101 293.06578287855643 -181.70033221733942 true
47.31222187386965 294.8516116423845 -182.67817185306407 true
47.9193077354397 291.11188120912163 -187.33398711963423 true
48.1321320830206 314.9539346088561 -165.3044505081502 true
48.36870981385521 293.06727950369316 -170.92019284351105 true
48.90577445574679 282.6549414384706 -161.56550869355172 true
49.21413747299944 291.0617348923587 -175.30439780612014 true
49.26635053835228 272.23798147281065 -168.39741941696252 true
49.298960759796586 303.6638336486232 -184.81012095827805 true
49.81867742416388 296.53072086428136 -184.136289731552 true
50.0163178497816 307.8913856408956 -162.0775112596391 true
50.03975703746415 300.11559649620676 -184.0914387687141 true
50.06349759457463 287.54966180019767 -171.42110562253333 true
50.15026676918647 281.4251693370692 -177.60080174311565 true
50.452600155805925 314.9580377779755 -183.04733309918407 true
50.61561940945429 308.5816493455713 -182.73505314649717 true
50.65368674191642 307.42534317155634 -185.17635869026387 true
50.92137899321431 288.9501938841405 -171.22669578740025 true
50.927863690654966 290.9647183282466 -177.88878121550934 true
51.15787175170749 289.0057346597084 -172.20015152297418 true
51.29020225103843 309.727871930441 -188.12647431093157 true
51.439546372654284 292.56253736954807 -179.60322923051353 true
51.582028352572365 317.7979523442891 -166.4315872292663 true
51.67891655763502 312.3681996226468 -189.54414097277322 true
51.86340378552852 295.9048955379772 -185.14685636581154 true
51.94573390096207 293.8759469003512 -189.81341487708238 true
52.66914942314694 293.99121481315296 -167.02381121898844 true
52.74137092190862 294.42033832750656 -180.7808761938632 true
52.89214987542174 313.70852309570864 -191.71256688415923 true
