0.08152824342687759 230.25972270216764 -134.20181524693805 true
0.1489534902437193 220.32382750135298 -131.3569668910458 true
0.19072747738598883 222.2349824744327 -132.93698996410748 true
0.3281933285060794 222.29339520597935 -133.26697597664088 true
0.46036063762063884 228.2319640669499 -133.5837666155702 true
0.5057331663919535 227.969231723014 -128.4730728740978 true
0.5644940535086045 228.84040012750455 -131.33179989033079 true
0.6731684293771842 228.1962830092254 -132.83871924714032 true
0.745354373848401 222.97693275514314 -132.4286554334152 true
0.8041142231920183 230.7014880395933 -132.03655523555068 true
0.81435791704626 230.0484931413654 -132.9839166830294 true
0.9244813787596953 226.1393023474963 -133.7091597902613 true
0.9268211598525876 225.75500285830043 -130.3749951505036 true
1.006902563000836 222.10922831379554 -131.25302237439774 true
1.0483700753987395 226.97571054055257 -134.03220851874366 true
1.2235723976593345 230.38107068542172 -134.41262879456048 true
1.2407782611795612 235.1589214806953 -131.12747185253417 true
1.403559789564674 229.27445673554675 -132.84180307319406 true
1.4782902193482765 225.14049149496878 -129.9232724140582 true
1.5096811018763439 220.3271655166652 -132.29535911906476 true
1.607303510141576 228.97494410805612 -133.57189994098525 true
1.6334006991520633 222.33675193508464 -130.72565238251994 true
1.7115878647307436 225.6064476783074 -133.90900692267186 true
1.7346789951897699 231.76323040042058 -131.47393584461628 true
1.748427685556563 222.7154547265137 -131.7051817150305 true
1.7832227831771674 227.7209059494116 -135.4949191336041 true
1.8817124331304396 228.05750414117884 -131.80112197918402 true
1.9978586943427805 233.20523876213724 -130.52456217016766 true
2.2072558621392653 232.14298818624607 -133.40427623217386 true
2.2956070552541465 232.26239681574683 -134.52268015269857 true
2.6047925495304622 239.2400445584758 -133.39057863249747 true
2.6082726242216525 233.24197542893938 -130.21474568785035 true
2.683313209498128 224.62015971288074 -133.01097813623545 true
2.8533008343180852 237.12781966459565 -130.62054970676803 true
3.3793677377938964 239.67189234117208 -132.62403676157504 true
3.4230979076942436 237.67003433411134 -132.35866854626096 true
3.5661094252639884 234.09115934593004 -127.43670824581166 true
4.088087525424354 304.28535003341074 -130.22293036421362 false
4.181714759270863 234.59512205081086 -131.69010978324755 true
4.697050801733855 235.4128591220634 -130.61355896295254 true
4.8759120948784185 238.558535362563 -133.33021825298277 true
5.245927990424055 239.29662793775861 -125.71958933239594 true
5.91977422128763 239.27164618312935 -124.5282143163426 true
6.044016413770909 237.1321733782994 -134.93439364992514 true
6.646743924058751 248.7933087918531 -131.22181604000275 true
6.877636519837799 238.35189216913662 -128.64038975553484 true
6.907658315704232 241.56491081631765 -132.86192374071234 true
7.867037159921937 243.94813693150886 -129.0665844356648 true
8.085082336587979 246.26507429713 -133.5353440975536 true
8.109615978476654 275.74818131974416 -177.81477470811325 false
8.180214881390196 239.23452054917774 -130.45908799067604 true
8.305387335476148 292.9290659276374 -174.58273198731902 false
8.770823755965404 240.10594547713535 -133.6290550878599 true
8.830010941428856 290.8819647053305 -124.50937699685936 false
8.842444309744195 240.8794781741845 -128.49545784513103 true
8.962846618197691 256.1830588789283 -131.83947057095008 true
9.028910947073129 248.73437910729044 -130.99305731692232 true
9.041992388260397 245.27787241789548 -133.31358831256205 true
9.06445095133006 245.94662096659485 -135.48290781864844 true
9.223925935862624 252.84119802669844 -136.50829878036149 true
9.291719625786838 247.06448377586406 -134.1936076360659 true
9.371092661844301 246.48419878165691 -125.61194296511398 true
9.427246833492358 253.70279854341504 -133.5979008627061 true
9.452396690432849 248.6507101476817 -128.5146627107439 true
9.497226414471623 239.54612937512323 -136.03466189463586 true
9.544902068987154 240.38138143862952 -132.91404816056604 true
9.581758091129979 249.47341613089372 -132.06597936034564 true
9.616461002860593 244.27215637936973 -131.26307649686373 true
9.674077993627996 243.59895132913414 -134.88744387820276 true
9.736852943202484 244.14780047808608 -133.8329375490672 true
9.768244194506 254.43082742212403 -134.76210305991924 true
9.933944056738863 254.54976862826538 -130.32093265274312 true
9.996966822045025 243.2389936279449 -127.79821999194213 true
10.030144605515536 242.51213970948038 -124.20699540849206 true
10.040275619003046 241.1560711458481 -131.0003344689569 true
10.07037901040785 251.92602743292218 -134.60999585430065 true
10.094239309368731 244.96598073700707 -138.72636467118133 true
10.343732637015123 250.4609615459692 -129.68893409752246 true
10.457730151902998 246.19686652124403 -137.2077865144746 true
10.561546264917448 260.1648631727681 -135.701570991209 true
10.687290540487574 249.00964014638748 -134.60525573065087 true
10.704366572807176 252.56492134096982 -131.8714824700243 true
10.7168188885128 245.37874598784794 -125.64340568941111 true
10.856265889677708 258.41462660699915 -127.28882802256513 true
10.945307971506619 273.98112461737605 -142.83929589155622 false
11.0588881842626 266.1132736824815 -143.28999936520557 true
11.128353014293237 261.2878636310375 -135.4813270889739 true
11.203944015202822 265.5017670705895 -139.53830845538255 true
11.221409055198361 257.1946555232865 -133.0643834280208 true
11.227707418270246 255.72701348756834 -131.65925183990765 true
11.233240251364323 257.89350281436134 -138.91677585677357 true
11.350417196227841 260.02696007717134 -133.24652013530658 true
11.379286824273446 260.5339750334317 -132.04826071558603 true
11.391228571836521 261.08459627963566 -134.22468554152977 true
11.442455936225405 251.25367278741157 -134.6929120977548 true
11.590701817894486 255.1004530159323 -127.58551098570291 true
11.607960600861706 250.6746757861311 -132.9827880591999 true
11.626823096543667 261.6935730253865 -129.9711766427788 true
11.73249533585508 263.36286102660233 -145.75986637923498 true
11.73693284563036 254.16084889399565 -134.4268046206915 true
11.763850253432127 264.77735012417224 -141.53309090379668 true
11.941694577999389 269.0341362754658 -139.1619539350514 true
11.944211792254169 265.74201568768103 -137.82496452942206 true
11.975755770637353 277.4611238858728 -131.2356735648814 true
12.085327543760748 276.1896087636499 -141.10843289967633 true
12.112193831845435 262.5942496065889 -137.2774756004855 true
12.152223509440594 255.1239770035902 -130.87918618850955 true
12.200664712619583 256.35664628712163 -135.65084645414248 true
12.244941984789044 264.4529760841763 -137.01728525936818 true
12.336037012873945 262.1290545731444 -136.5880419733716 true
12.336669035364533 257.5331399915799 -141.93718870311096 true
12.347179492188003 255.28727796018433 -134.65429685703646 true
12.408999926376731 266.7042250459153 -133.46007029229048 true
12.536390230271405 256.4177300322143 -134.73527249747352 true
12.601643281471247 260.9424631947478 -132.07744815640532 true
12.628200254701083 262.47828708939727 -141.71424694609837 true
12.816435383634692 267.30466421449177 -145.57079548569635 true
12.819455395457943 251.9979409425044 -138.8638145927984 true
12.858549940815267 265.88070548049336 -139.96319354049928 true
12.861781646191686 271.3142592070113 -135.1736656441757 true
12.960820760650853 271.75350290752544 -132.73000327999176 true
12.977121371496477 258.29023805312664 -129.59747119674756 true
12.979921282783769 259.2142575675807 -140.55471648215672 true
12.989181770749394 260.60436143600117 -143.88089098748827 true
13.102171846607977 269.80035376052876 -139.50360754921215 true
14.40517636150709 311.8631286207543 -166.19739537372138 false
15.037702509748456 264.26010373884066 -137.45402715175558 true
15.254471104212747 264.79336774589615 -141.72151441525324 true
15.622611499429759 265.808114623047 -134.2544763874292 true
15.645614590902433 274.964736503005 -138.37778868939716 true
15.834588978072897 269.95630296114376 -134.762057213216 true
15.870164521024474 272.1564535426322 -138.48720624443473 true
16.025027760055963 278.7341184777054 -135.24396398315375 true
16.061293490600438 278.05933075374503 -144.34337789350582 true
16.242891829936696 276.63801888665137 -139.8623797500785 true
16.315151177261296 276.5219970491339 -139.26886322934527 true
16.517311394331358 276.6533649265886 -143.44962208649454 true
16.568969369718328 273.6172074635525 -140.36896021191086 true
16.574037579095886 273.900169507139 -133.56057417290017 true
16.713086821212272 268.57933350319354 -138.82416016069283 true
16.728895246284633 270.74416340851764 -134.54406057332693 true
16.828236675747206 275.3945471724155 -131.82654877242584 true
16.99882594829405 264.1354519703742 -133.1545597341006 true
17.379172404690383 281.74528026422746 -140.77600266330398 true
17.533143650480177 301.036242761645 -184.81660508943827 false
17.53483683828459 267.655635258202 -148.33238659451183 true
17.674444522221393 268.4697614469028 -145.4636557753666 true
18.10289246330098 286.19592995056087 -137.27055769545547 true
18.177357110594034 282.5787454341331 -142.71532926696912 true
18.287267212083528 282.887711807976 -137.57783179660086 true
18.289887617478502 267.2628492790943 -146.50654106514355 true
18.5030431430712 277.3901904655579 -138.16837298505104 true
18.52724536663318 286.11265404561044 -140.66099915728336 true
18.547264253927228 278.9850334299373 -146.9762548767574 true
18.59156465483808 269.502448444351 -139.34246245440372 true
18.750298717048498 286.7252106809739 -147.16198655970777 true
18.76681688246938 268.608939010564 -162.15670750291255 false
18.90841549434129 276.39694403882294 -150.82996816615764 true
18.942008591395638 267.8554742194762 -144.38137121391816 true
19.0649031249204 290.06038873269205 -159.47700101279887 true
19.078343152706374 277.7186373321374 -137.35747599521474 true
19.11958223578405 270.26947396766707 -150.59174708251425 true
19.11962666658079 272.59940007037784 -140.1494031354126 true
19.20109329449122 303.7514362398285 -138.90819712502721 false
19.216751168733165 267.3148931277102 -136.69027286142 true
19.332310602882547 278.931700322169 -142.64038534673335 true
19.387746662007306 276.3392945621521 -159.37687316802962 true
19.553320843926112 279.6264174073141 -142.7622545920404 true
20.16168873527257 254.9892342881401 -162.02917481946324 false
21.01874567480109 268.76139080262635 -160.8207377932428 true
21.02717316380591 260.99985766495126 -171.33610041264373 false
21.25716021725802 222.32860249652575 -159.3240745746328 false
21.2853975671719 260.2954698717688 -158.59583688495596 false
21.439897542495636 271.86224857068936 -159.12062056577818 true
21.978368129723627 277.53169741541296 -159.84405300655922 true
22.21948195752542 266.0388924205297 -126.63055678404783 true
22.3178460083116 254.70408978088457 -149.3705871274793 false
22.6355943754575 265.62141657463826 -170.58420280875762 false
22.795395413978355 241.03081886627996 -156.59392796882568 false
22.844033025944622 268.1483454720015 -165.12534816478052 false
22.96042246912934 262.2568862363504 -169.66007269419282 false
22.99574982471842 263.66205946280604 -167.74509063335609 false
23.613973895883422 244.42903542121473 -187.5202761479577 false
23.72918489095286 259.4990449522247 -164.19671924137762 false
23.78945816773359 258.81830479516185 -162.49048230086368 false
23.852154520854235 259.4525925641527 -163.412371951627 false
24.341763102649065 273.99843358302456 -144.8195214234496 true
24.66423370137546 244.42866225979745 -126.35796226243478 false
25.009610561420793 301.0748375946102 -144.86684971798041 true
25.784162362819455 277.1142400961221 -169.14815393992697 true
26.013809109364576 260.2925255608775 -169.39270884530123 false
26.040222876203675 273.23173919876126 -157.63699140926445 true
26.14697915934949 301.72927697099163 -173.6633201106756 true
26.220250623251054 271.1667775872687 -171.8143893212609 true
26.311923910198857 278.43387870209483 -165.26819729586174 true
26.69082969828908 278.5633391258314 -156.96538400279908 true
26.840977933763153 232.49134348700292 -185.84212198340438 false
26.881985846634176 265.11173571753454 -162.44386658525232 false
26.927526465913413 262.5044938744729 -163.9973249777496 false
27.05512811730786 254.34196989021004 -157.2408470142762 false
27.081556375439213 274.813521477797 -167.45056564115478 true
27.09368056968081 261.2629439036759 -167.92008211012137 false
27.146960652347264 275.7596533527105 -165.18570909428612 true
27.158834741414122 254.319031768024 -165.78419775863543 false
27.171999045063924 290.1664300228907 -163.86516996555426 true
27.572070614766584 277.23822504000105 -166.46357238773857 true
27.70088010032599 277.2964981586244 -160.0606910958125 true
27.874124719035926 283.54102641095676 -165.60425625751554 true
27.944626950785317 253.00703171403072 -166.18212709575815 false
28.00727637042231 258.7968073213033 -160.1718547289084 false
28.188653930654247 303.84493660759307 -131.83586393327806 false
28.25224567780461 287.2896146341708 -176.96491467014596 true
28.365545269319874 292.4307961434215 -143.36483700452465 false
28.54716358304499 265.7049890422927 -162.75836839063268 false
28.663646723015127 275.4861055807488 -154.7564041763353 true
28.67728286735431 280.1077618011683 -164.7156847278907 true
28.755758610436 287.1464506922814 -165.76131714072082 true
28.93027561464605 277.37523623728634 -166.05207968747206 true
29.290501053958984 277.06135146940477 -165.5884599948758 true
29.295135257387262 280.2033231760012 -173.3527914151002 true
29.392812616876203 280.80413663490776 -164.6835629653824 true
29.48120706750507 278.03055039236403 -170.51679212719785 true
29.51652719703836 266.1540048021346 -171.03261720879172 true
29.751227596488665 271.68978313910867 -162.74189240344086 true
29.81994456211481 279.59374103192056 -172.9649071319414 true
29.82966205332519 276.81273367571316 -167.54243906326968 true
30.01029581301311 291.4464245698381 -166.86598175115287 true
30.093607596743635 293.0082108401591 -157.82069331117071 true
30.095310508889007 262.0989577435264 -173.77670287853158 true
30.202676168743313 265.2190913971834 -166.9424395939002 true
30.21890282697651 285.2488173818865 -176.3089263199017 true
30.242963829146902 273.77436463282913 -160.19786234870284 true
30.258439628352388 272.37854661931226 -181.90855217736558 true
30.3911766826049 265.4819637817776 -156.34960324153647 true
30.64034292872746 272.6433875166505 -170.87119546412742 true
30.734269783207882 268.21817695507343 -169.4487765469564 true
30.98182812809441 267.3355822773885 -167.8417635977821 true
31.100843191122504 271.2753449069775 -170.47383264725485 true
31.314569643529236 274.61614359700314 -170.63453700803427 true
31.55887197889497 282.8065891681256 -167.48926567115151 true
31.591114399691218 315.11492445443855 -184.4454100713926 false
31.66945598504365 270.6801211720741 -164.65338090789214 true
31.730697604434155 281.29311133461704 -177.37991635340293 true
31.778581702542727 264.42495975000554 -169.51965615749077 true
32.030951974027836 286.35184222273574 -168.72026699231537 true
32.19510406200051 293.0918134527351 -174.45997992286644 false
32.3999636668852 284.26132685908897 -172.15893377844438 true
32.622293632838186 294.7046624514254 -173.4987285030987 false
32.69732303585882 284.4033186444865 -179.57118237283356 true
33.135343533290325 314.8063593375804 -154.99067603613287 false
33.388087561392645 294.51591622177136 -175.53902762490597 false
33.726002324904655 267.5365399126319 -171.30329698853325 true
34.05256388117525 291.08534583314844 -176.10438110418474 true
34.40376852197428 279.95992205361256 -159.2343809379848 true
35.37792291540174 280.90149532194494 -164.1727207769357 true
35.42742100777591 282.4669627783521 -175.00900921910053 true
35.76285325523257 291.0299636126037 -165.4588242499167 true
35.87263039198217 296.82428316907374 -175.6843471377724 false
36.106807537461755 289.35135526484703 -147.80290088234514 false
36.14932998571051 284.638980390645 -169.54798965563916 true
36.570732680833586 269.27584668993757 -173.2112678108019 true
36.77376883321192 280.80867566910683 -170.56157342373112 true
36.84375790897473 300.2932251606279 -174.51468800642974 false
36.86588724954064 301.2010561238816 -168.52404028101645 false
37.36705037785333 292.7983110926266 -172.33171435609023 true
37.45736169073892 291.1926167675375 -171.42875379558063 true
38.11304085740545 248.47436820846013 -171.36444347816746 false
38.44039308270864 297.6210566432751 -160.9334347783744 true
38.511151200313215 297.5633581795088 -178.7004431419405 true
38.94741407841696 295.58163147877707 -178.01450323865214 true
38.96839064569255 288.9602336212484 -158.27229852419254 true
39.12827319288187 284.57505078775 -169.3181259417223 true
39.19818425833782 282.6471312374799 -165.295276992485 true
39.21939737213328 296.93991590200017 -178.90382151671696 true
39.4233346027253 281.33978226558946 -178.82177513744423 true
39.44982287489126 273.7041067914153 -173.45820450568428 true
39.56470168953522 273.5068703932777 -170.20671515709364 true
39.631618505735325 285.5918103231051 -173.16230883837827 true
39.811037714452105 279.40562215977184 -176.5239794919067 true
39.87798993898553 298.64694054432096 -168.5427559308146 true
40.361486334736064 296.95475217265687 -185.90359448942726 true
40.403166547301055 271.4956123199232 -167.55181661369025 true
40.65079912384932 297.84084038285346 -174.72196393017467 true
40.743575570589016 285.63961568025803 -175.79111219918502 true
41.25047830618032 289.762224235542 -176.83138699210818 true
41.293165947035455 302.90552702596926 -180.6453812878326 true
41.45767786332794 281.4305211856896 -165.5726652434823 true
41.480857088370215 279.8279010679671 -180.8060901702385 true
41.62066111182606 278.0174077814284 -184.9554471517847 true
41.80460963723271 273.7621128284719 -173.885534856648 true
41.97682468457827 297.1718737484763 -175.04170872297996 true
42.13687887892527 312.6050759391825 -169.65771958470586 false
42.17252293747849 297.7548196141355 -174.17283753644392 true
42.3565929600599 291.9040482379902 -174.9949986383624 true
42.54459723124293 277.38461461180907 -172.12038328024005 true
42.62035337077311 277.26863853865154 -173.12627595475445 true
42.91554395274093 291.9096383358211 -166.7719243324776 true
43.30567007003023 309.88562600605235 -175.98710520394127 false
43.58469261499973 290.7919434202214 -181.77310588943922 true
43.72502890452669 305.7556437326261 -179.50443476327706 true
