0.08152824342687759 0.0 0.0 true
0.1489534902437193 0.0 0.0 true
0.19072747738598883 -44.679524727806346 -2.345812185152972 true
0.3281933285060794 -30.50595769676908 -4.0883162676458245 true
0.46036063762063884 10.987173326807245 -3.372256789619907 true
0.5057331663919535 11.138394015325023 8.681006237763969 true
0.5644940535086045 11.65674549820282 6.603751020571567 true
0.6731684293771842 10.528578106735402 3.891849532690028 true
0.745354373848401 4.548995115130302 2.490077061513738 true
0.8041142231920183 6.664232898686066 1.9618933737970123 true
0.81435791704626 7.212909649074582 1.1036793641518812 true
0.9244813787596953 5.815829917086189 0.3217972947112404 true
0.9268211598525876 4.365074225328282 1.104683508015247 true
1.006902563000836 2.302852109741994 1.2792956242134417 true
1.0483700753987395 2.2099898534790867 0.5139335790260909 true
1.2235723976593345 3.0552943920987357 -0.13107379112895534 true
1.2407782611795612 5.0043098953174106 0.27639937600121034 true
1.403559789564674 4.810162724766776 0.12311477870486204 true
1.4782902193482765 3.484903885185906 0.6903322213677445 true
1.5096811018763439 1.5196059027479616 0.5716049649085295 true
1.607303510141576 1.7209327412042548 0.25987675251960135 true
1.6334006991520633 0.7442047313325473 0.4905223073036131 true
1.7115878647307436 0.5155610115533331 0.19365458763855647 true
1.7346789951897699 1.158436936805945 0.2862379880443694 true
1.748427685556563 0.5598901576619367 0.327362064211404 true
1.7832227831771674 0.6304275598079186 -0.043720912876601736 true
1.8817124331304396 0.7182492916894064 0.018052051625459753 true
1.9978586943427805 1.2856733312684305 0.19520186703895534 true
2.2072558621392653 1.664241723901428 0.07171462865401414 true
2.2956070552541465 1.9861715159500024 -0.15381871147782367 true
2.6047925495304622 2.8698716023426702 -0.22648090448407182 true
2.6082726242216525 2.9985296709387232 0.02253555893321829 true
2.683313209498128 2.3741082883565845 -0.03252151495965838 true
2.8533008343180852 2.8188765641076348 0.10513741222335696 true
3.3793677377938964 3.3373485672002188 0.07283359159591096 true
3.4230979076942436 3.52566026425531 0.060543771652690495 true
3.5661094252639884 3.404786568213989 0.3838531881456477 true
4.088087525424354 3.404786568213989 0.3838531881456477 false
4.181714759270863 3.3141373174819564 0.3658388662649437 true
4.697050801733855 3.273241632235567 0.40925216493729843 true
4.8759120948784185 3.3193708968778033 0.282545033622011 true
5.245927990424055 3.361013501322431 0.5707379240054361 true
5.91977422128763 3.3333204535352245 0.8468427833910814 true
6.044016413770909 3.10264693533295 0.5539856163602035 true
6.646743924058751 3.4017149423842663 0.49931680778112336 true
6.877636519837799 3.1535402502941237 0.5445668463195891 true
6.907658315704232 3.059953871449696 0.4287188247663727 true
7.867037159921937 3.0601910927587603 0.45682021133559214 true
8.085082336587979 3.04189428113405 0.334568120404139 true
8.109615978476654 3.04189428113405 0.334568120404139 false
8.180214881390196 2.8261376845715227 0.32449279327486824 true
8.305387335476148 2.8261376845715227 0.32449279327486824 false
8.770823755965404 2.6825225266790476 0.24366121405870492 true
8.830010941428856 2.6825225266790476 0.24366121405870492 false
8.842444309744195 2.55588595232601 0.28665062575051864 true
8.962846618197691 2.750305664780993 0.25558701066857864 true
9.028910947073129 2.7709600279130084 0.2449091947634994 true
9.041992388260397 2.7305536437486615 0.1996671926627042 true
9.06445095133006 2.706629033837978 0.13184229550231902 true
9.223925935862624 2.7760737107070685 0.061969530710818135 true
9.291719625786838 2.7592026663695934 0.030093123885601043 true
9.371092661844301 2.735895508994329 0.10181012885556184 true
9.427246833492358 2.7916581041848967 0.07724145590250073 true
9.452396690432849 2.7870764868600117 0.10765632127647777 true
9.497226414471623 2.695224100110533 0.06218054890593207 true
9.544902068987154 2.620539250114693 0.05023504665920705 true
9.581758091129979 2.6311528562802673 0.0468734241561958 true
9.616461002860593 2.5973675123285433 0.05041269237872745 true
9.674077993627996 2.5610839008191246 0.025391509952499083 true
9.736852943202484 2.531177332177012 0.010555915526833031 true
9.768244194506 2.576499915637425 -0.009628400586131385 true
9.933944056738863 2.617967455962235 0.0025071139730295806 true
9.996966822045025 2.577479489966743 0.03089722119942615 true
10.030144605515536 2.5344986526261044 0.08036142346626135 true
10.040275619003046 2.4861047016284528 0.08310882875691054 true
10.07037901040785 2.506322418300106 0.06394585780828477 true
10.094239309368731 2.4842467244749593 0.022437346814890034 true
10.343732637015123 2.4941882523280343 0.0345236804554531 true
10.457730151902998 2.476314462171675 0.003866236951608995 true
10.561546264917448 2.535024801885114 -0.016645328641735853 true
10.687290540487574 2.5284617593935117 -0.029973233546056195 true
10.704366572807176 2.5394709805194804 -0.028003710940138767 true
10.7168188885128 2.512613314323306 0.0057377614223151074 true
10.856265889677708 2.5520062770277385 0.028894433551473798 true
10.945307971506619 2.5520062770277385 0.028894433551473798 false
11.0588881842626 2.625424638344834 -0.027338362831101925 true
11.128353014293237 2.670317017616511 -0.04300909982704983 true
11.203944015202822 2.731464952942196 -0.07680071162181211 true
11.221409055198361 2.749955763248207 -0.07885690388494702 true
11.227707418270246 2.760473097402136 -0.07451269585173718 true
11.233240251364323 2.7795578547614554 -0.10172949001963212 true
11.350417196227841 2.806260789020898 -0.10353476299527188 true
11.379286824273446 2.832573091394427 -0.10026237775685186 true
11.391228571836521 2.859251715707711 -0.10592523155132125 true
11.442455936225405 2.8457843225662818 -0.11307806709705193 true
11.590701817894486 2.847170836144291 -0.09262821507057195 true
11.607960600861706 2.8299810625245194 -0.09341260049848443 true
11.626823096543667 2.854582925658024 -0.08293831521855756 true
11.73249533585508 2.8837106263748837 -0.13030096772187932 true
11.73693284563036 2.877561916555463 -0.13509066313302795 true
11.763850253432127 2.877561916555463 -0.13509066313302795 true
11.941694577999389 3.9333765316102287 -0.646205475635815 true
11.944211792254169 4.792288755058675 -1.1196785170537733 true
11.975755770637353 6.8060336142732645 -0.7874515789419849 true
12.085327543760748 8.44112393481245 -1.5501189774675472 true
12.112193831845435 8.373933457417722 -1.8422109308021855 true
12.152223509440594 7.469454934871048 -1.3807969252623042 true
12.200664712619583 6.780529214274674 -1.4786068610147947 true
12.244941984789044 6.973711405810213 -1.6978402502821757 true
12.336037012873945 6.8812868104389535 -1.8389686818217108 true
12.336669035364533 6.2737942095422214 -2.4869175306837406 true
12.347179492188003 5.573864718758047 -2.353021577532252 true
12.408999926376731 5.941959757892739 -2.1379327941438464 true
12.536390230271405 5.390485625196692 -2.0392573342158102 true
12.601643281471247 5.198477557557629 -1.6946469149087464 true
12.628200254701083 5.131321216061147 -2.1854617125223847 true
12.816435383634692 5.436404486478534 -2.8883926407389873 true
12.819455395457943 4.398336736831534 -2.970525241508646 true
12.858549940815267 4.586046268051958 -3.1161831071735806 true
12.861781646191686 5.103750093915305 -2.9018033784478368 true
12.960820760650853 5.557422022803915 -2.5712593677279396 true
12.977121371496477 5.099027595257377 -2.064478116646824 true
12.979921282783769 4.761855452773443 -2.2640018655897682 true
12.989181770749394 4.550365196563939 -2.6075597525185383 true
13.102171846607977 4.819803939345585 -2.6856074694516474 true
14.40517636150709 4.819803939345585 -2.6856074694516474 false
15.037702509748456 4.768904884696795 -2.641508994087915 true
15.254471104212747 4.54835345878326 -2.756116614227937 true
15.622611499429759 4.367832966261244 -2.353873764052696 true
15.645614590902433 4.674984825253011 -2.211087650714195 true
15.834588978072897 4.627883529453969 -1.9131420620324344 true
15.870164521024474 4.655463309958812 -1.840584313152524 true
16.025027760055963 4.956492935945348 -1.6406775070585877 true
16.061293490600438 5.143402492736339 -1.8376015824173069 true
16.242891829936696 5.232356912183244 -1.8266325814156035 true
16.315151177261296 5.27035022462675 -1.785097971699554 true
16.517311394331358 5.293410081894354 -1.8810560387743083 true
16.568969369718328 5.186903074787141 -1.8570821918752567 true
16.574037579095886 5.099819031099928 -1.64237096367933 true
16.713086821212272 4.890352808201441 -1.6010408208217577 true
16.728895246284633 4.744681132448212 -1.454262567119721 true
16.828236675747206 4.726003949016042 -1.2684193477749726 true
16.99882594829405 4.456232596479145 -1.132068953683403 true
17.379172404690383 4.568656075117268 -1.166056811084542 true
17.533143650480177 4.568656075117268 -1.166056811084542 false
17.53483683828459 4.335299593580488 -1.3502485729051015 true
17.674444522221393 4.155618678891939 -1.4481015809451947 true
18.10289246330098 4.320561412095548 -1.3760224406022206 true
18.177357110594034 4.37034321889437 -1.4016595547266717 true
18.287267212083528 4.41241260502458 -1.3294169651198722 true
18.289887617478502 4.175731957369077 -1.415762703731265 true
18.5030431430712 4.133039611237442 -1.3583284915765996 true
18.52724536663318 4.214434363586998 -1.3402496991031378 true
18.547264253927228 4.181483811266346 -1.414390233262683 true
18.59156465483808 4.024570748140762 -1.3763335646711556 true
18.750298717048498 4.102134857764113 -1.4411255036077444 true
18.76681688246938 3.9411981233124824 -1.6823836539245514 true
18.90841549434129 3.8888711762338573 -1.763420998522826 true
18.942008591395638 3.7380796492571733 -1.761639694528058 true
19.0649031249204 3.840941201887758 -1.921907650182102 true
19.078343152706374 3.8012116401460645 -1.8350181707915494 true
19.11958223578405 3.691173213296881 -1.8882448173312332 true
19.11962666658079 3.6121257259095065 -1.8365136927494738 true
19.20109329449122 3.6121257259095065 -1.8365136927494738 false
19.216751168733165 3.4930496967210884 -1.7585797650067356 true
19.332310602882547 3.4846839639940708 -1.738884504737031 true
19.387746662007306 3.451515711697364 -1.8605103002766945 true
19.553320843926112 3.4462868123904484 -1.835758913371107 true
20.16168873527257 3.4462868123904484 -1.835758913371107 false
21.01874567480109 3.348612319014977 -1.956325157913423 true
21.02717316380591 3.348612319014977 -1.956325157913423 false
21.25716021725802 3.348612319014977 -1.956325157913423 false
21.2853975671719 3.348612319014977 -1.956325157913423 false
21.439897542495636 3.245980445220361 -2.054831301532484 true
21.978368129723627 3.1978275136848757 -2.148521986845411 true
22.21948195752542 3.1978275136848757 -2.148521986845411 false
22.3178460083116 3.1978275136848757 -2.148521986845411 false
22.6355943754575 3.026608584285617 -2.3270816582621343 true
22.795395413978355 3.026608584285617 -2.3270816582621343 false
22.844033025944622 2.882403105003376 -2.4363671085802383 true
22.96042246912934 2.882403105003376 -2.4363671085802383 false
22.99574982471842 2.7153345906617448 -2.554419568646206 true
23.613973895883422 2.7153345906617448 -2.554419568646206 false
23.72918489095286 2.7153345906617448 -2.554419568646206 false
23.78945816773359 2.7153345906617448 -2.554419568646206 false
23.852154520854235 2.7153345906617448 -2.554419568646206 false
24.341763102649065 2.6494061995054023 -2.4736944073882428 true
24.66423370137546 2.6494061995054023 -2.4736944073882428 false
25.009610561420793 2.7972598619791906 -2.387140466210352 true
25.784162362819455 2.733004493918642 -2.496220299886858 true
26.013809109364576 2.733004493918642 -2.496220299886858 false
26.040222876203675 2.62071835748498 -2.489736485237771 true
26.14697915934949 2.7451137125937435 -2.6087382124131175 true
26.220250623251054 2.626568060683705 -2.6983320704677207 true
26.311923910198857 2.5711401533606444 -2.730409824009519 true
26.69082969828908 2.5208775187970667 -2.701861335749406 true
26.840977933763153 2.5208775187970667 -2.701861335749406 false
26.881985846634176 2.5208775187970667 -2.701861335749406 false
26.927526465913413 2.5208775187970667 -2.701861335749406 false
27.05512811730786 2.5208775187970667 -2.701861335749406 false
27.081556375439213 2.5208775187970667 -2.701861335749406 true
27.09368056968081 2.5208775187970667 -2.701861335749406 false
27.146960652347264 2.0771317610278706 -2.8012794315609466 true
27.158834741414122 2.0771317610278706 -2.8012794315609466 false
27.171999045063924 2.3044687993680544 -2.8398292663000837 true
27.572070614766584 1.8495736706192205 -3.007544713245473 true
27.70088010032599 0.6830482189937346 -2.4162181799687064 true
27.874124719035926 0.45053232657496944 -2.586913403382874 true
27.944626950785317 0.45053232657496944 -2.586913403382874 false
28.00727637042231 0.45053232657496944 -2.586913403382874 false
28.188653930654247 0.45053232657496944 -2.586913403382874 false
28.25224567780461 0.7678758380095199 -4.311619842294792 true
28.365545269319874 0.7678758380095199 -4.311619842294792 false
28.54716358304499 -1.831808006117525 -3.729789452867299 true
28.663646723015127 -2.712695028411146 -2.0822602898511766 true
28.67728286735431 -2.783493993249878 -2.009221435240823 true
28.755758610436 -2.0808472119389787 -2.0651942877826532 true
28.93027561464605 -2.4724891781699654 -2.1219976629289548 true
29.290501053958984 -2.793250830193202 -2.0891099409581173 true
29.295135257387262 -2.6548710256955794 -2.7794752016140873 true
29.392812616876203 -2.507032057498267 -2.5003485846650664 true
29.48120706750507 -2.59286166609457 -2.72636978022431 true
29.51652719703836 -3.4906864922122245 -2.920640459514625 true
29.751227596488665 -3.8182336131969175 -2.5348133228311367 true
29.81994456211481 -3.5450490139867616 -2.809888013232795 true
29.82966205332519 -3.477137671491121 -2.7025019003866477 true
30.01029581301311 -2.674130256741673 -2.5831432639695833 true
30.093607596743635 -1.8780387989868288 -2.0052181071874116 true
30.095310508889007 -2.6509737690327633 -2.2635371043429497 true
30.202676168743313 -3.1381085213421933 -2.184837852986642 true
30.21890282697651 -2.7460434787909653 -2.480434433404381 true
30.242963829146902 -2.8388965417643206 -2.1359238864441146 true
30.258439628352388 -2.9618962211139035 -2.5771761951546406 true
30.3911766826049 -3.2810873616091705 -2.149495317836734 true
30.64034292872746 -3.3360576101832855 -2.2013311809998046 true
30.734269783207882 -3.5028050125544095 -2.1875936721490095 true
30.98182812809441 -3.664671947901727 -2.1204701389498353 true
31.100843191122504 -3.664964849803538 -2.123341704139356 true
31.314569643529236 -3.5541232504272466 -2.123122398330663 true
31.55887197889497 -3.1953216211981568 -2.0185676635954275 true
31.591114399691218 -3.1953216211981568 -2.0185676635954275 false
31.66945598504365 -3.199399677999893 -1.829838896223893 true
31.730697604434155 -2.9129566949008083 -2.0070111451105217 true
31.778581702542727 -3.0859701275954596 -1.9581728115802868 true
32.030951974027836 -2.7212372164344174 -1.895938973939317 true
32.19510406200051 -2.7212372164344174 -1.895938973939317 false
32.3999636668852 -2.4206684111782684 -1.9074680306557688 true
32.622293632838186 -2.4206684111782684 -1.9074680306557688 false
32.69732303585882 -2.138950716223899 -2.0756843691018148 true
33.135343533290325 -2.138950716223899 -2.0756843691018148 false
33.388087561392645 -2.138950716223899 -2.0756843691018148 false
33.726002324904655 -2.250568475995417 -2.0417824327426586 true
34.05256388117525 -1.836708316816129 -2.0979052388711925 true
34.40376852197428 -1.6852280300477476 -1.7783946031424942 true
35.37792291540174 -1.5180503426842105 -1.5827842601423427 true
35.42742100777591 -1.285338028496766 -1.601444654428832 true
35.76285325523257 -0.9286976187794216 -1.421001987626934 true
35.87263039198217 -0.9286976187794216 -1.421001987626934 false
36.106807537461755 -0.9286976187794216 -1.421001987626934 false
36.14932998571051 -0.7458986767770261 -1.3388173873132652 true
36.570732680833586 -0.8655465932637267 -1.335554590835916 true
36.77376883321192 -0.769393785007171 -1.2786960961723188 true
36.84375790897473 -0.769393785007171 -1.2786960961723188 false
36.86588724954064 -0.769393785007171 -1.2786960961723188 false
37.36705037785333 -0.4987904553393441 -1.254984905312909 true
37.45736169073892 -0.2822238283316182 -1.2107451508716265 true
38.11304085740545 -0.2822238283316182 -1.2107451508716265 false
38.44039308270864 -0.014266404814725242 -1.0258087243082672 true
38.511151200313215 0.21550426727866015 -1.0997099212400037 true
38.94741407841696 0.382007273455857 -1.151767688908636 true
38.96839064569255 0.44819338709800116 -0.9554904857898776 true
39.12827319288187 0.4550870477639519 -0.9129802037319128 true
39.19818425833782 0.44030450023387785 -0.8331176428740938 true
39.21939737213328 0.5656213980586762 -0.895680621154121 true
39.4233346027253 0.5327359196865354 -0.9486459735003622 true
39.44982287489126 0.43634248431386735 -0.9477680669988793 true
39.56470168953522 0.35048511875550903 -0.9203769403401463 true
39.631618505735325 0.3672997444145269 -0.9180485723309205 true
39.811037714452105 0.33656363350124074 -0.9402578601107572 true
39.87798993898553 0.4450855355151875 -0.9024611338425519 true
40.361486334736064 0.5306993270263254 -0.9858519239380984 true
40.403166547301055 0.43622237610494047 -0.9364001818227261 true
40.65079912384932 0.5229145614067667 -0.9385959906887186 true
40.743575570589016 0.5245578785721678 -0.9459290918724079 true
41.25047830618032 0.550799851256094 -0.9583416920408157 true
41.293165947035455 0.6548092084191771 -0.9906194758018272 true
41.45767786332794 0.6225289209040735 -0.9313555564552186 true
41.480857088370215 0.5834072015764593 -0.9622677439710726 true
41.62066111182606 0.538390144682839 -1.0122571440111217 true
41.80460963723271 0.474568950836386 -0.9999047989798446 true
41.97682468457827 0.5335172347666106 -0.9933983461248022 true
42.13687887892527 0.5335172347666106 -0.9933983461248022 false
42.17252293747849 0.5904343951623218 -0.9822656730880613 true
42.3565929600599 0.6146107849013918 -0.9758343345844328 true
42.54459723124293 0.5697832625404248 -0.9557934624022938 true
42.62035337077311 0.5270021788666623 -0.9408313374785526 true
42.91554395274093 0.5509673314749991 -0.8991836481995517 true
43.30567007003023 0.5509673314749991 -0.8991836481995517 false
43.58469261499973 0.5681544785982942 -0.9230977802296879 true
43.72502890452669 0.6472363877301403 -0.9349295193989563 true
